*************************** NUIT one-group neutron cross-section data ***************************
Number of isotopes with neutron data: 
	202
Number of burnup steps:
	2

BU(MWd/kgHM)
0.00000000E+00   1.00000000E+00

NucId    NucName  MT
50100    B10      3       
                  102   4.79053899E-02   4.42138495E-02
                  103   2.83762458E-03   2.95275315E-03
                  107   4.64909037E+02   4.29074155E+02
50110    B11      4       
                  16    4.43199755E-07   1.78547295E-06
                  102   6.77399394E-04   6.24394305E-04
                  103   2.97827611E-07   6.92748458E-07
                  107   2.36591977E-05   7.66911635E-06
80160    O16      3       
                  102   5.04204336E-05   5.06455488E-05
                  103   1.87644894E-05   6.38273717E-06
                  107   2.85262534E-03   2.98813458E-03
350810   Br81     5       
                  16    2.33053415E-04   1.37582244E-04
                  102   1.61457999E-01   1.52406012E-01
                  103   5.67353047E-05   5.49846945E-05
                  107   1.35245498E-06   8.37533267E-07
                  1021  1.60504089E+00   1.51505583E+00
360820   Kr82     5       
                  16    8.78514499E-05   1.19420969E-04
                  102   2.19342139E+00   1.99689617E+00
                  103   2.34568892E-05   1.93629827E-05
                  107   6.21967023E-06   4.67484345E-06
                  1021  4.39342964E+00   3.99978902E+00
360830   Kr83     4       
                  16    1.10066333E-03   4.72186944E-04
                  102   2.62561806E+01   2.44309928E+01
                  103   3.14246283E-05   3.02033576E-05
                  107   1.66189404E-06   1.50814937E-06
360840   Kr84     5       
                  16    1.45645670E-04   1.24769555E-04
                  102   1.21865093E-02   1.30037602E-02
                  103   2.98641773E-06   1.74634656E-06
                  107   5.96423744E-07   3.90256642E-07
                  1021  5.40805342E-02   5.77072793E-02
360850   Kr85     4       
                  16    6.04057873E-04   2.82375048E-04
                  102   2.82347231E-01   2.59518902E-01
                  103   2.47167854E-06   1.66070751E-06
                  107   3.70793310E-07   5.17158984E-07
360860   Kr86     3       
                  16    2.67727751E-04   1.34285077E-04
                  102   1.16982463E-03   1.17317267E-03
                  103   3.92041465E-07   5.66242485E-07
380890   Sr89     4       
                  16    2.10757561E-03   1.48456305E-03
                  102   5.97738179E-02   5.51844517E-02
                  103   1.47751922E-06   1.04600537E-06
                  107   1.24488843E-06   9.82119968E-07
380900   Sr90     4       
                  16    1.25189805E-03   4.96416824E-04
                  102   6.50013860E-03   6.39281615E-03
                  103   4.23647033E-07   4.70805188E-07
                  107   2.95970339E-07   2.22869599E-07
390890   Y89      4       
                  16    4.67026717E-05   9.79095913E-05
                  102   1.64409528E-01   1.56575959E-01
                  103   7.10656183E-05   6.94823699E-05
                  107   1.20242889E-06   7.83041357E-07
390900   Y90      4       
                  16    1.20381111E-03   6.04900410E-04
                  102   4.36930702E-01   4.01431923E-01
                  103   1.94816301E-05   1.42498121E-05
                  107   8.50648131E-06   6.37247653E-06
390910   Y91      4       
                  16    1.08688278E-03   4.13752339E-04
                  102   2.57678241E-01   2.35139563E-01
                  103   3.73284543E-06   2.56992133E-06
                  107   1.18203570E-06   7.68789069E-07
400900   Zr90     4       
                  16    2.33401786E-05   6.41302961E-05
                  102   8.89437480E-03   8.56182840E-03
                  103   7.66832595E-05   7.39185546E-05
                  107   5.66328300E-06   4.19866213E-06
400910   Zr91     4       
                  16    8.71353067E-04   4.19633374E-04
                  102   2.83763944E-01   2.43758012E-01
                  103   4.69809027E-05   4.21958295E-05
                  107   1.30551115E-04   1.32955509E-04
400920   Zr92     4       
                  16    7.50299302E-04   2.45599909E-04
                  102   4.96680104E-02   4.56180996E-02
                  103   6.93931451E-06   4.62046013E-06
                  107   1.15048826E-05   1.14911625E-05
400930   Zr93     4       
                  16    1.28328350E-03   6.72308757E-04
                  102   6.42726600E-01   6.01215563E-01
                  103   2.12949425E-06   1.57814628E-06
                  107   8.81030220E-06   8.32643070E-06
400940   Zr94     4       
                  16    1.04405581E-03   3.51864849E-04
                  102   1.92162664E-02   1.81935014E-02
                  103   7.78782803E-07   6.00593455E-07
                  107   8.36087337E-07   9.03228738E-07
400950   Zr95     4       
                  16    1.80351783E-03   1.11743765E-03
                  102   3.40646271E-01   4.15707726E-01
                  103   2.89831303E-07   3.13040905E-07
                  107   8.15475792E-07   6.12561568E-07
400960   Zr96     2       
                  16    1.24647616E-03   4.93863741E-04
                  102   1.04982721E-01   1.97591589E-01
410950   Nb95     4       
                  16    9.53366075E-04   3.04105175E-04
                  102   1.93847184E+00   1.85009312E+00
                  103   1.59240794E-05   1.26154290E-05
                  107   5.73700363E-06   5.13413736E-06
420920   Mo92     5       
                  16    3.48622572E-06   1.31706198E-05
                  102   4.62229452E-02   4.79825456E-02
                  103   2.69460730E-03   2.85330609E-03
                  107   3.66140542E-05   3.58421842E-05
                  1021  1.01914692E-04   1.05794348E-04
420940   Mo94     4       
                  16    3.29868756E-04   1.53304485E-04
                  102   9.50991750E-02   9.62332571E-02
                  103   8.29042787E-05   7.78720479E-05
                  107   2.31316412E-04   2.41990199E-04
420950   Mo95     4       
                  16    9.91642428E-04   4.01795549E-04
                  102   3.97876347E+00   5.09315204E+00
                  103   1.75232302E-05   1.45446823E-05
                  107   1.63278445E-04   1.65052328E-04
420960   Mo96     4       
                  16    5.83791884E-04   2.03431138E-04
                  102   6.24828191E-01   7.17139400E-01
                  103   8.37923671E-06   5.49206132E-06
                  107   2.14693538E-05   2.09040966E-05
420970   Mo97     4       
                  16    1.40276676E-03   7.11945898E-04
                  102   7.45586254E-01   7.76877461E-01
                  103   5.40594347E-06   3.86730802E-06
                  107   2.40953927E-05   2.43570567E-05
420980   Mo98     4       
                  16    8.37770718E-04   2.73636994E-04
                  102   2.40757040E-01   2.21393124E-01
                  103   8.50022852E-07   6.18614878E-07
                  107   2.69888493E-06   2.17629574E-06
420990   Mo99     4       
                  16    4.21946675E-03   4.14435189E-03
                  102   1.94192793E+00   1.90157303E+00
                  103   1.14906643E-06   8.93012665E-07
                  107   1.97154623E-06   1.80909196E-06
421000   Mo100    4       
                  16    1.03482680E-03   3.23694294E-04
                  102   1.44374127E-01   1.38674149E-01
                  103   1.64973229E-07   1.81845564E-07
                  107   6.62818140E-07   3.88391015E-07
430990   Tc99     4       
                  16    5.86344345E-04   2.21246675E-04
                  102   9.36986096E+00   8.79057496E+00
                  103   6.33403859E-06   4.17033088E-06
                  107   3.13387313E-06   2.18074138E-06
441000   Ru100    4       
                  16    5.20142640E-04   2.11425304E-04
                  102   1.01250472E+00   9.15663001E-01
                  103   6.26549326E-06   4.11523385E-06
                  107   1.75284092E-05   1.68179397E-05
441010   Ru101    4       
                  16    1.54129766E-03   7.58958214E-04
                  102   3.87954096E+00   3.33142925E+00
                  103   8.27369311E-06   5.77351574E-06
                  107   6.76550179E-06   5.88579294E-06
441020   Ru102    4       
                  16    4.57976522E-04   1.93227019E-04
                  102   3.25643768E-01   2.92521188E-01
                  103   1.07935897E-06   7.09593421E-07
                  107   5.07789468E-06   4.55767016E-06
441030   Ru103    4       
                  16    2.46855694E-03   1.55174479E-03
                  102   1.37188519E+00   1.36401057E+00
                  103   3.88345736E-06   2.54790424E-06
                  107   3.41955831E-06   2.53174403E-06
441040   Ru104    4       
                  16    8.23933894E-04   2.70242556E-04
                  102   2.37883932E-01   2.75509818E-01
                  103   8.25838177E-07   6.47623440E-07
                  107   4.15475860E-07   2.75572016E-07
441050   Ru105    4       
                  16    2.94057825E-03   2.23464767E-03
                  102   2.70999605E-01   2.68330770E-01
                  103   2.88675392E-06   1.88108882E-06
                  107   1.28537875E-06   8.99602483E-07
441060   Ru106    3       
                  16    1.33554819E-03   3.94168766E-04
                  102   8.90726149E-02   8.54769122E-02
                  103   2.25648477E-07   2.96338313E-07
451030   Rh103    4       
                  16    4.87011130E-04   1.94087312E-04
                  102   4.21153641E+01   4.04485397E+01
                  103   3.66607707E-05   3.31386093E-05
                  107   3.91327673E-06   2.80917795E-06
451040   Rh104    4       
                  16    2.22596363E-03   1.31159024E-03
                  102   3.48411759E+00   3.54797442E+00
                  103   3.94403781E-03   3.64228857E-03
                  107   5.06951743E-05   4.63438103E-05
451050   Rh105    4       
                  16    8.69570098E-04   2.67044842E-04
                  102   2.13222224E+03   1.98948911E+03
                  103   7.31382657E-06   5.39752031E-06
                  107   6.74876815E-07   4.58657575E-07
461040   Pd104    4       
                  16    2.93298360E-04   1.73673458E-04
                  102   5.53098802E-01   7.73579245E-01
                  103   3.89369877E-05   3.59387467E-05
                  107   2.80899659E-05   2.79687798E-05
461050   Pd105    4       
                  16    1.18436921E-03   5.06269228E-04
                  102   5.27018362E+00   4.95542545E+00
                  103   2.74446645E-05   2.19757435E-05
                  107   1.20610513E-05   1.07117142E-05
461060   Pd106    4       
                  16    5.31694768E-04   2.15290849E-04
                  102   3.03029452E-01   2.91110392E-01
                  103   1.30034000E-05   9.46036900E-06
                  107   3.36616444E-06   3.21230961E-06
461070   Pd107    4       
                  16    2.73271762E-03   1.91752828E-03
                  102   3.35188829E+00   3.94054380E+00
                  103   4.74950325E-06   3.29503016E-06
                  107   2.50241461E-06   2.37873986E-06
461080   Pd108    4       
                  16    7.99717918E-04   2.51059238E-04
                  102   8.29957414E+00   8.39652152E+00
                  103   2.91511301E-06   2.06962860E-06
                  107   7.85987653E-07   7.38933607E-07
461090   Pd109    4       
                  16    2.94718608E-03   2.09259302E-03
                  102   3.79183903E+00   3.61040038E+00
                  103   8.12004679E-07   6.51128853E-07
                  107   5.71112084E-07   5.31485656E-07
471070   Ag107    4       
                  16    4.66944970E-04   1.93700947E-04
                  102   6.90310274E+00   6.73564423E+00
                  103   1.22320112E-04   1.26287867E-04
                  107   4.44829434E-06   3.97926146E-06
471090   Ag109    4       
                  16    5.26137331E-04   2.06654862E-04
                  102   4.20904301E+01   3.86595460E+01
                  103   1.32509889E-05   1.11267702E-05
                  107   1.06891711E-06   7.81847402E-07
471101   Ag110m1  4       
                  16    2.17631671E-03   1.26767821E-03
                  102   1.12827911E+01   1.05369726E+01
                  103   2.03139655E-05   1.86662440E-05
                  107   9.76058863E-07   7.37295664E-07
471110   Ag111    4       
                  16    8.07651333E-04   2.73578195E-04
                  102   3.10697836E+00   2.80495148E+00
                  103   3.45061159E-06   2.29267214E-06
                  107   3.82695597E-07   3.43426568E-07
481100   Cd110    4       
                  16    2.59046582E-04   1.70043722E-04
                  102   2.37760626E+00   1.88623954E+00
                  103   6.11067224E-06   3.68916010E-06
                  107   1.15775102E-06   7.68691578E-07
481110   Cd111    4       
                  16    1.89315329E-03   1.02115502E-03
                  102   2.32308770E+00   2.42183372E+00
                  103   2.76730242E-05   2.33097296E-05
                  107   5.76348785E-06   5.73075313E-06
481120   Cd112    4       
                  16    4.11967182E-04   1.98282630E-04
                  102   5.75986110E-01   5.44300028E-01
                  103   2.52923215E-06   1.76801715E-06
                  107   2.47911159E-07   1.73313068E-07
481130   Cd113    4       
                  16    1.80689656E-03   1.16017570E-03
                  102   5.75190092E+03   5.26271457E+03
                  103   2.75901892E-06   1.76444059E-06
                  107   7.89876047E-07   7.58934130E-07
481140   Cd114    3       
                  16    5.26123279E-04   2.24695118E-04
                  102   4.52724916E-01   3.63389387E-01
                  103   3.86881226E-07   3.43231436E-07
491130   In113    4       
                  16    3.95853342E-04   2.09445606E-04
                  102   1.03900626E+01   1.03762781E+01
                  103   1.46736506E-05   1.06920147E-05
                  107   1.36629682E-06   9.64287962E-07
491150   In115    4       
                  16    5.53088623E-04   2.20901125E-04
                  102   1.03962828E+02   1.09023243E+02
                  103   2.87040355E-06   1.86401798E-06
                  107   5.24821225E-07   3.86632562E-07
511210   Sb121    4       
                  16    4.61203302E-04   2.08948721E-04
                  102   4.74617977E+00   5.32753874E+00
                  103   1.66856399E-05   1.39432076E-05
                  107   2.61263429E-07   2.19516808E-07
511230   Sb123    3       
                  16    6.48447387E-04   2.31048257E-04
                  102   2.13943321E+00   2.68618564E+00
                  103   6.93351014E-06   5.03027251E-06
511250   Sb125    3       
                  16    9.25390851E-04   2.84487278E-04
                  102   1.97425747E+00   2.01037273E+00
                  103   4.44452087E-07   3.02697525E-07
521271   Te127m1  4       
                  16    2.42497360E-03   1.82325573E-03
                  102   4.04461300E+02   3.72852060E+02
                  103   5.61385580E-07   3.60380347E-07
                  107   3.36767081E-07   2.75295885E-07
521291   Te129m1  3       
                  16    3.18978751E-03   2.77243478E-03
                  102   1.94221632E+02   1.79347647E+02
                  103   2.31272899E-07   1.68316521E-07
521320   Te132    3       
                  16    1.37646537E-03   4.51188818E-04
                  102   2.01619287E-02   1.96357616E-02
                  103   1.64259999E-07   1.96943023E-07
531270   I127     4       
                  16    6.45199505E-04   2.21732270E-04
                  102   4.64584103E+00   4.89822692E+00
                  103   1.34100625E-05   1.08478596E-05
                  107   6.30011927E-07   5.04032042E-07
531280   I128     4       
                  16    2.19634059E-03   1.25442648E-03
                  102   2.46343569E+00   2.42161334E+00
                  103   3.42046471E-04   3.15398850E-04
                  107   5.56363771E-05   5.10168648E-05
531290   I129     5       
                  16    8.76694684E-04   2.73903569E-04
                  102   1.69874792E+00   1.61004927E+00
                  103   8.52911680E-07   5.44110089E-07
                  107   2.92951610E-07   2.20782760E-07
                  1021  2.41444317E+00   2.28837511E+00
531300   I130     4       
                  16    1.60403111E-03   8.56469182E-04
                  102   4.37185449E+00   4.21734704E+00
                  103   6.08696200E-06   3.69586850E-06
                  107   5.89864164E-07   4.69873871E-07
531310   I131     5       
                  16    1.10548443E-03   3.40422550E-04
                  102   1.06643649E+01   9.78161138E+00
                  103   3.04238484E-07   2.19170944E-07
                  107   1.25257557E-07   1.07969946E-07
                  1021  1.74505818E-01   1.60060924E-01
531320   I132     4       
                  16    2.33052623E-03   1.50154246E-03
                  102   8.92833980E-01   8.42398527E-01
                  103   1.04992596E-06   7.64072265E-07
                  107   2.93235929E-07   2.38332101E-07
531350   I135     3       
                  16    1.14535014E-03   4.13622356E-04
                  102   9.62137259E+00   8.88176183E+00
                  107   2.81151187E-07   2.84632722E-07
541280   Xe128    4       
                  16    3.71288328E-04   1.88609776E-04
                  102   9.05336395E-01   9.29948779E-01
                  103   8.78575943E-06   6.02745732E-06
                  107   2.71901634E-06   2.51105464E-06
541300   Xe130    4       
                  16    9.42327294E-04   2.97823972E-04
                  102   6.91131608E-01   6.29455008E-01
                  103   2.58301006E-06   2.16292908E-06
                  107   1.63963531E-07   1.27664547E-07
541310   Xe131    4       
                  16    1.86680225E-03   1.00305032E-03
                  102   3.45442692E+01   3.48014015E+01
                  103   4.18701051E-06   3.76067278E-06
                  107   1.13227412E-06   1.05680761E-06
541320   Xe132    4       
                  16    6.05293816E-04   2.14040723E-04
                  102   2.42172083E-01   1.52514888E-01
                  103   1.09350589E-06   7.39150269E-07
                  107   1.14279883E-07   1.24217769E-07
541330   Xe133    4       
                  16    2.66632726E-03   2.01054437E-03
                  102   2.31705787E+01   2.13233059E+01
                  103   4.58906292E-07   2.93270950E-07
                  107   1.77831812E-07   1.58335991E-07
541340   Xe134    3       
                  16    7.61272213E-04   2.53102035E-04
                  102   4.35222747E-02   4.18263352E-02
                  103   8.45108740E-07   6.21444742E-07
541350   Xe135    4       
                  16    2.59639300E-03   1.93377748E-03
                  102   3.35465167E+05   3.07501904E+05
                  103   1.60552128E-07   1.26109152E-07
                  107   1.45340872E-07   1.46339385E-07
541360   Xe136    3       
                  16    1.20709302E-03   4.10423736E-04
                  102   3.22125201E-02   2.97903394E-02
                  103   2.21244241E-07   3.44791220E-07
551330   Cs133    4       
                  16    4.87728628E-04   2.17669002E-04
                  102   1.17020702E+01   1.19965704E+01
                  103   6.22519745E-06   4.66626941E-06
                  107   7.84339082E-07   5.95016423E-07
551340   Cs134    4       
                  16    2.29186163E-03   1.35597506E-03
                  102   1.81801806E+01   1.67935134E+01
                  103   1.92259516E-06   1.34367092E-06
                  107   5.67821044E-07   4.20446720E-07
551350   Cs135    4       
                  16    9.56523363E-04   3.07575937E-04
                  102   2.59913698E+00   1.96553558E+00
                  103   6.95351709E-07   4.36438870E-07
                  107   2.13592831E-07   1.67578307E-07
551360   Cs136    4       
                  16    2.53834994E-03   1.57961595E-03
                  102   2.61827075E+00   2.65173483E+00
                  103   5.66929523E-07   3.71476061E-07
                  107   2.08089826E-07   1.45627723E-07
551370   Cs137    3       
                  16    1.27324973E-03   4.15381748E-04
                  102   4.00688559E-02   3.78071752E-02
                  103   8.71862652E-08   1.26327436E-07
561340   Ba134    4       
                  16    4.27638152E-04   2.13613126E-04
                  102   7.17638457E-01   7.33745628E-01
                  103   2.64720830E-06   1.90636495E-06
                  107   2.17502334E-06   2.06117125E-06
561370   Ba137    4       
                  16    2.13125805E-03   1.17926092E-03
                  102   4.95689793E-01   4.80518191E-01
                  103   7.69524038E-07   5.04275958E-07
                  107   4.87084148E-07   4.24606562E-07
561400   Ba140    5       
                  16    4.87439333E-03   4.33447356E-03
                  17    6.63771944E-05   1.30796109E-04
                  102   6.08111883E-01   5.09598358E-01
                  103   3.03517677E-07   2.77673336E-07
                  107   3.41802438E-07   3.07621101E-07
571390   La139    4       
                  16    6.54709650E-04   2.34417689E-04
                  102   1.23707484E+00   1.24957802E+00
                  103   5.38921837E-07   4.34661333E-07
                  107   3.51962163E-07   2.25432531E-07
571400   La140    4       
                  16    4.74205953E-03   4.46910658E-03
                  102   2.22334199E+00   2.22450861E+00
                  103   1.52313042E-06   1.15475066E-06
                  107   1.65225268E-04   1.61569892E-04
581400   Ce140    4       
                  16    6.14251046E-04   2.54276255E-04
                  102   7.31795204E-02   6.84333245E-02
                  103   8.25744599E-07   7.13564632E-07
                  107   1.16983575E-06   1.00224919E-06
581410   Ce141    4       
                  16    4.60054461E-03   4.11373393E-03
                  102   7.28509093E+00   6.92847753E+00
                  103   1.11197964E-06   8.37086521E-07
                  107   2.16506709E-05   1.94582938E-05
581420   Ce142    5       
                  16    2.39216601E-03   1.17119163E-03
                  17    1.28425277E-06   4.72329120E-06
                  102   1.31264873E-01   1.25162411E-01
                  103   3.20470726E-07   3.82478336E-07
                  107   1.97485235E-06   1.70177753E-06
581430   Ce143    5       
                  16    4.92391545E-03   4.60013321E-03
                  17    1.90842119E-06   6.78080722E-06
                  102   1.70092148E+00   1.48293498E+00
                  103   2.08844967E-07   2.36296217E-07
                  107   6.31241396E-06   6.12269437E-06
581440   Ce144    5       
                  16    2.95660535E-03   1.71880228E-03
                  17    1.20601940E-05   3.52714946E-05
                  102   1.71634277E-01   1.70902318E-01
                  103   8.04329260E-08   1.33014165E-07
                  107   4.37516648E-07   4.29239258E-07
591410   Pr141    4       
                  16    3.33310441E-04   1.87721047E-04
                  102   1.78688269E+00   1.66648500E+00
                  103   3.63835159E-06   2.34407277E-06
                  107   3.14035929E-06   2.78906882E-06
591420   Pr142    4       
                  16    2.97244333E-03   2.41103464E-03
                  102   4.61183937E+00   4.29696645E+00
                  103   7.08335764E-06   4.52309002E-06
                  107   3.09975518E-03   3.06516014E-03
591430   Pr143    5       
                  16    2.01759596E-03   1.00102196E-03
                  17    4.87072751E-07   1.26313555E-06
                  102   1.36720247E+01   1.26865184E+01
                  103   1.10820564E-06   7.21075605E-07
                  107   3.90122490E-06   3.57531411E-06
601420   Nd142    4       
                  16    3.57899822E-04   2.09834774E-04
                  102   2.19827965E+00   2.02528636E+00
                  103   4.99916499E-06   4.30858809E-06
                  107   4.94254080E-06   4.91624483E-06
601430   Nd143    4       
                  16    2.13279577E-03   1.37164876E-03
                  102   3.83772156E+01   3.54984565E+01
                  103   3.41404084E-06   2.53533998E-06
                  107   2.95087674E-03   2.77841177E-03
601440   Nd144    4       
                  16    1.51034095E-03   5.92204905E-04
                  102   5.40788235E-01   4.93572841E-01
                  103   1.25709084E-06   1.07538910E-06
                  107   9.43857936E-06   9.44487275E-06
601450   Nd145    4       
                  16    3.18313083E-03   2.41567074E-03
                  102   1.08432981E+01   1.00292874E+01
                  103   1.06175728E-06   8.08467621E-07
                  107   6.27703076E-05   6.29791536E-05
601460   Nd146    4       
                  16    1.83513352E-03   8.11104682E-04
                  102   2.65257028E-01   2.60228554E-01
                  103   2.63551975E-07   3.40855946E-07
                  107   1.71657260E-06   1.62234187E-06
601470   Nd147    5       
                  16    5.61569387E-03   5.41712688E-03
                  17    1.07744829E-06   3.95549229E-06
                  102   6.07050901E+01   5.57655424E+01
                  103   4.77737066E-07   4.15885418E-07
                  107   1.79425473E-06   1.72404018E-06
601480   Nd148    5       
                  16    2.01558014E-03   1.05451719E-03
                  17    7.51008886E-07   2.72899472E-06
                  102   7.35672669E-01   8.06384716E-01
                  103   7.99054233E-08   1.35954303E-07
                  107   3.22582698E-07   3.04833287E-07
601490   Nd149    3       
                  16    8.04195132E-03   8.12942127E-03
                  102   7.97656967E+00   7.67620452E+00
                  107   1.47802664E-04   1.36463316E-04
601500   Nd150    3       
                  16    1.92853565E-03   9.57763832E-04
                  17    1.45955866E-06   5.25553812E-06
                  102   6.60633284E-01   5.43220960E-01
611470   Pm147    4       
                  16    1.71215233E-03   6.67969404E-04
                  102   6.73109834E+01   6.33510169E+01
                  103   1.59565856E-06   9.84430524E-07
                  107   3.25826837E-06   2.89894623E-06
611480   Pm148    4       
                  16    4.31017314E-03   3.90124613E-03
                  102   2.92872192E+02   2.74139977E+02
                  103   1.31246057E-06   8.17611470E-07
                  107   5.16282257E-06   4.96293429E-06
611481   Pm148m1  4       
                  16    2.48147375E-03   1.86765972E-03
                  102   3.86777597E+03   3.54988740E+03
                  103   1.57445808E-06   1.27283027E-06
                  107   1.39863207E-06   1.11837362E-06
611490   Pm149    5       
                  16    1.97394989E-03   9.42112009E-04
                  17    1.43957586E-06   4.01366905E-06
                  102   1.92713940E+02   1.83230529E+02
                  103   6.27035343E-07   4.61917304E-07
                  107   8.80804938E-07   7.16715364E-07
611500   Pm150    4       
                  16    7.27853839E-03   7.25910391E-03
                  102   3.66197664E+01   3.57149697E+01
                  103   7.98519121E-07   6.13013853E-07
                  107   1.96843047E-03   1.81666874E-03
611510   Pm151    4       
                  16    1.58008375E-03   5.67134657E-04
                  102   8.76692922E+01   8.51654593E+01
                  103   5.45567956E-07   4.28138138E-07
                  107   1.10140248E-07   1.05820995E-07
621470   Sm147    4       
                  16    1.80931140E-03   9.68616005E-04
                  102   2.66010450E+01   2.39878242E+01
                  103   4.45532636E-06   3.15254070E-06
                  107   2.51892127E-04   2.47494410E-04
621480   Sm148    4       
                  16    1.26183603E-03   4.19624180E-04
                  102   1.33389302E+00   1.32071290E+00
                  103   5.80802905E-07   5.15837100E-07
                  107   1.04231240E-05   1.01777501E-05
621490   Sm149    4       
                  16    2.76306138E-03   1.92899959E-03
                  102   1.00763616E+04   9.27822829E+03
                  103   1.40684793E-06   9.89541032E-07
                  107   9.28606556E-03   8.56081143E-03
621500   Sm150    4       
                  16    1.37967139E-03   5.01174133E-04
                  102   1.44503132E+01   1.34639319E+01
                  103   5.10406252E-07   5.82015726E-07
                  107   1.22539208E-06   1.08169422E-06
621510   Sm151    4       
                  16    4.57314175E-03   4.16421465E-03
                  102   1.13304255E+03   1.03660507E+03
                  103   1.14664969E-06   8.01441787E-07
                  107   2.22629596E-06   1.86223624E-06
621520   Sm152    4       
                  16    1.34354086E-03   4.44883322E-04
                  102   1.16087890E+02   9.47302585E+01
                  103   2.90787975E-07   3.22042379E-07
                  107   2.18983701E-07   2.19849755E-07
621530   Sm153    4       
                  16    4.32194595E-03   3.76319263E-03
                  102   1.67399553E+02   1.66635245E+02
                  103   1.25345199E-06   9.26020948E-07
                  107   6.35232908E-07   4.68080928E-07
621540   Sm154    3       
                  16    1.58532070E-03   6.00070243E-04
                  102   2.01366281E+00   1.94557686E+00
                  103   1.33679880E-07   1.85170801E-07
631510   Eu151    4       
                  16    1.15272168E-03   4.04222171E-04
                  102   1.02830143E+03   9.65418840E+02
                  103   6.67029502E-06   4.38248198E-06
                  107   5.20952693E-06   4.12555474E-06
631520   Eu152    4       
                  16    2.28511270E-03   1.47338928E-03
                  102   9.48354693E+02   8.68446328E+02
                  103   3.40984394E-06   2.23406049E-06
                  107   2.69284302E-06   2.30730081E-06
631530   Eu153    4       
                  16    9.41086902E-04   3.38551087E-04
                  102   7.17817386E+01   7.04295976E+01
                  103   3.76693567E-06   3.04534052E-06
                  107   1.56531720E-06   1.39264890E-06
631540   Eu154    4       
                  16    3.33042735E-03   2.43355184E-03
                  102   3.72617832E+02   3.44316501E+02
                  103   1.27812429E-05   8.99341666E-06
                  107   3.39958645E-06   2.32158097E-06
631550   Eu155    4       
                  16    1.16810263E-03   4.03512358E-04
                  102   9.97698567E+02   9.26894079E+02
                  103   9.21246404E-06   5.85231330E-06
                  107   4.55654829E-06   4.47193752E-06
631560   Eu156    4       
                  16    2.99367442E-03   2.16594717E-03
                  102   5.23280467E+01   6.40137349E+01
                  103   3.74933693E-07   2.75902600E-07
                  107   1.68282394E-07   1.25784739E-07
631570   Eu157    3       
                  16    2.59073738E-03   1.16981483E-03
                  102   2.94849734E+01   2.89001670E+01
                  103   3.76292089E-07   3.37424535E-07
641520   Gd152    4       
                  16    9.54252190E-04   3.24285650E-04
                  102   9.15070168E+01   8.43881255E+01
                  103   1.15156358E-06   8.66703679E-07
                  107   1.24942978E-03   1.17641854E-03
641540   Gd154    4       
                  16    8.64223458E-04   2.95335700E-04
                  102   1.54338510E+01   1.38526424E+01
                  103   6.47294323E-07   4.80468951E-07
                  107   7.12331739E-07   6.21751243E-07
641550   Gd155    4       
                  16    2.15952728E-03   1.29395174E-03
                  102   3.71557628E+03   3.38872550E+03
                  103   1.14149070E-06   8.11327285E-07
                  107   4.58540752E-06   4.15392133E-06
641560   Gd156    4       
                  16    1.08184282E-03   3.31680221E-04
                  102   3.40722828E+00   3.22602178E+00
                  103   3.89834862E-07   3.14968616E-07
                  107   3.83485236E-07   3.51549733E-07
641570   Gd157    4       
                  16    2.59687163E-03   1.69889560E-03
                  102   1.59175367E+04   1.45051458E+04
                  103   5.39528468E-07   4.48716834E-07
                  107   2.79837985E-05   2.54615279E-05
641580   Gd158    4       
                  16    1.43596571E-03   4.89111393E-04
                  102   2.24667653E+00   1.91346186E+00
                  103   1.42400504E-07   1.72809224E-07
                  107   2.01039379E-07   1.90227128E-07
641590   Gd159    4       
                  16    5.89522588E-03   5.40005061E-03
                  102   5.63586659E+00   5.64815418E+00
                  103   9.32022599E-08   1.24320947E-07
                  107   1.64485422E-06   1.53307087E-06
641600   Gd160    3       
                  16    1.91770314E-03   8.50527414E-04
                  102   4.32549912E-01   4.28116685E-01
                  107   9.47968910E-08   1.19269158E-07
651590   Tb159    4       
                  16    1.55560700E-03   5.00590040E-04
                  102   1.43473986E+01   1.40580219E+01
                  103   8.48993310E-07   5.70741102E-07
                  107   4.45183234E-07   3.19035416E-07
651600   Tb160    4       
                  16    3.26473794E-03   2.39161888E-03
                  102   1.27878500E+02   1.26888861E+02
                  103   2.23782781E-06   1.42008177E-06
                  107   6.97917048E-07   5.80018387E-07
651610   Tb161    4       
                  16    2.27391408E-03   9.01653094E-04
                  102   1.12261118E+02   1.04780725E+02
                  103   1.84585875E-07   1.98824149E-07
                  107   1.86164775E-07   1.75540408E-07
661600   Dy160    4       
                  16    1.34582334E-03   4.08857452E-04
                  102   3.18855444E+01   3.09792984E+01
                  103   1.13271162E-06   8.47661985E-07
                  107   6.32331881E-07   5.53514423E-07
661610   Dy161    4       
                  16    3.02988537E-03   1.98992387E-03
                  102   8.90325404E+01   8.34911817E+01
                  103   1.51615023E-06   1.01949015E-06
                  107   8.37384489E-07   6.53140131E-07
661620   Dy162    4       
                  16    1.82323548E-03   5.80605196E-04
                  102   8.69829465E+01   8.04465299E+01
                  103   4.11245625E-07   3.72279914E-07
                  107   2.17176109E-07   1.97950007E-07
661630   Dy163    4       
                  16    3.61796507E-03   2.68313394E-03
                  102   5.39535629E+01   5.17701151E+01
                  103   5.16555214E-07   3.62720570E-07
                  107   3.29807375E-07   2.55259988E-07
661640   Dy164    3       
                  16    2.20222361E-03   9.04526229E-04
                  102   2.79532773E+02   2.56400795E+02
                  103   1.28241883E-07   1.68403128E-07
671650   Ho165    2       
                  16    1.60036231E-03   5.25130859E-04
                  102   2.40931773E+01   2.49862047E+01
681620   Er162    4       
                  16    4.66213925E-04   2.31634937E-04
                  102   1.30517325E+01   1.35768033E+01
                  103   3.68526578E-06   2.37318960E-06
                  107   4.61456843E-06   4.25978380E-06
681640   Er164    4       
                  16    9.46630487E-04   3.40651518E-04
                  102   6.61704206E+00   6.44077784E+00
                  103   2.27897107E-06   1.44355675E-06
                  107   1.46381634E-06   1.30853379E-06
681660   Er166    4       
                  16    1.33273342E-03   4.35507275E-04
                  102   4.74790986E+00   4.37678913E+00
                  103   1.18048175E-06   7.89930309E-07
                  107   4.04062157E-07   3.44133123E-07
681670   Er167    4       
                  16    3.53816097E-03   2.36163836E-03
                  102   2.49172059E+02   2.42802312E+02
                  103   1.45530355E-06   9.45370472E-07
                  107   1.26467974E-06   1.00884259E-06
681680   Er168    3       
                  16    2.13097949E-03   7.84733270E-04
                  102   1.36838117E+00   1.11384893E+00
                  103   5.56643679E-07   4.49746688E-07
681690   Er169    4       
                  16    5.91112943E-03   5.38265014E-03
                  102   6.46071199E+00   6.49841597E+00
                  103   9.95605131E-08   1.25696187E-07
                  107   1.33646017E-05   1.23175570E-05
681700   Er170    4       
                  16    2.73573427E-03   1.38158934E-03
                  17    6.25049645E-07   5.32628850E-07
                  102   2.15424648E+00   2.01046294E+00
                  103   1.90974003E-07   2.10167520E-07
691690   Tm169    4       
                  16    1.62925399E-03   5.35228584E-04
                  102   5.10162919E+01   5.48395011E+01
                  103   1.02697981E-06   7.38466918E-07
                  107   1.22701597E-06   1.01744100E-06
691700   Tm170    4       
                  16    3.64146761E-03   2.56123239E-03
                  102   1.51086061E+01   1.48891049E+01
                  103   5.20463216E-07   4.00781958E-07
                  107   1.30863811E-05   1.24446621E-05
691710   Tm171    4       
                  16    2.51814549E-03   1.10470367E-03
                  102   4.33586178E+01   4.36139788E+01
                  103   2.37772369E-07   2.32808510E-07
                  107   8.10326409E-07   7.34299371E-07
721740   Hf174    4       
                  16    1.37435159E-03   4.17776892E-04
                  102   6.68048583E+01   6.07624313E+01
                  103   4.17779233E-06   2.73010597E-06
                  107   1.20290587E-06   9.68590797E-07
721760   Hf176    4       
                  16    1.91639945E-03   6.15932903E-04
                  102   2.39985402E+01   2.13019166E+01
                  103   1.83930628E-06   1.30133610E-06
                  107   6.13356987E-07   4.91468196E-07
721770   Hf177    4       
                  16    4.12940847E-03   3.03124776E-03
                  102   2.15053809E+02   2.32460581E+02
                  103   2.11965404E-06   1.47052811E-06
                  107   9.81421268E-07   7.35740623E-07
721780   Hf178    4       
                  16    2.73751937E-03   1.22962113E-03
                  102   5.95819112E+01   6.50790263E+01
                  103   7.87948282E-07   6.72497099E-07
                  107   2.15524449E-07   1.94836080E-07
721790   Hf179    4       
                  16    4.96135689E-03   4.10021704E-03
                  102   1.65253271E+01   1.56751990E+01
                  103   9.12994487E-07   7.59322813E-07
                  107   2.97292233E-07   2.47190513E-07
721800   Hf180    4       
                  16    3.07883919E-03   1.62471524E-03
                  17    1.17722608E-07   8.26827881E-08
                  102   2.18753760E+00   2.30115558E+00
                  103   2.80957815E-07   3.16264951E-07
721810   Hf181    4       
                  16    6.45160654E-03   6.16597599E-03
                  17    7.37548092E-07   2.29412278E-06
                  102   1.22374164E+01   1.14393810E+01
                  103   3.08724081E-07   3.06563609E-07
731810   Ta181    4       
                  16    2.21300210E-03   9.06280603E-04
                  102   2.15903072E+01   2.08455268E+01
                  103   1.15246330E-06   7.40114554E-07
                  107   3.20496581E-07   2.84775456E-07
731820   Ta182    4       
                  16    3.74989707E-03   2.85641166E-03
                  17    1.70260715E-06   0.00000000E+00
                  102   3.28929953E+03   2.99743894E+03
                  107   1.91627221E-07   2.09580091E-07
902300   Th230    4       
                  16    3.27909350E-03   2.09454024E-03
                  17    6.37921585E-06   1.86773264E-05
                  18    5.99176334E-02   6.21002963E-02
                  102   2.86473225E+01   2.98748013E+01
902310   Th231    4       
                  16    9.58049020E-03   9.92541476E-03
                  17    9.28531928E-06   2.68012792E-05
                  18    1.37273236E+01   1.33402430E+01
                  102   1.97220468E+02   1.82118120E+02
902320   Th232    4       
                  16    4.14251746E-03   3.03992258E-03
                  17    2.00864958E-05   5.87825405E-05
                  18    2.03777251E-02   2.12925406E-02
                  102   2.93237301E+00   2.92666191E+00
902330   Th233    4       
                  16    1.52714048E-02   1.62761576E-02
                  17    2.60378871E-05   6.88366248E-05
                  18    4.50373694E+00   4.37010600E+00
                  102   1.56025578E+02   1.44068504E+02
902340   Th234    4       
                  16    5.40811001E-03   4.54951115E-03
                  17    4.56137293E-05   1.03641170E-04
                  18    9.43705253E-03   9.90443100E-03
                  102   1.03139842E+00   1.01717737E+00
912310   Pa231    5       
                  16    1.49261841E-03   7.66578741E-04
                  17    5.39371728E-07   1.99563519E-06
                  18    2.51391407E-01   2.60179066E-01
                  102   6.70355735E+01   6.46011086E+01
                  103   5.19231271E-07   4.49740114E-07
912320   Pa232    4       
                  16    4.58296051E-03   4.55005734E-03
                  17    2.83449109E-07   6.31468471E-07
                  18    2.34342403E+02   2.17037872E+02
                  102   6.85156291E+01   6.31031177E+01
912330   Pa233    5       
                  16    3.32505009E-03   2.17133817E-03
                  17    9.71774242E-06   3.29192061E-05
                  18    6.58025517E-02   6.85907997E-02
                  102   2.53663622E+01   2.51307118E+01
                  103   2.34325924E-07   2.44373502E-07
922320   U232     3       
                  16    2.71890144E-04   1.31590629E-04
                  18    1.69445356E+01   1.66835306E+01
                  102   1.06708555E+01   1.05361934E+01
922330   U233     3       
                  16    4.75592236E-04   3.49977684E-04
                  18    7.81898751E+01   7.32540137E+01
                  102   8.81371986E+00   8.45380888E+00
922340   U234     4       
                  16    6.70866406E-04   3.50482027E-04
                  18    4.21848642E-01   4.32864127E-01
                  102   1.21619434E+01   1.04674522E+01
                  1021  1.21619434E+01   1.04674522E+01
922350   U235     5       
                  16    2.94117274E-03   2.88522537E-03
                  17    7.91622205E-07   1.99735167E-06
                  18    6.74549140E+01   6.24782978E+01
                  102   1.41561901E+01   1.31890165E+01
                  107   3.44874011E-05   3.18382928E-05
922360   U236     4       
                  16    1.61702577E-03   1.16836234E-03
                  17    4.49619112E-06   1.31879123E-05
                  18    2.98363609E-01   2.87595950E-01
                  102   1.00346095E+01   8.52464994E+00
922370   U237     4       
                  16    9.22868584E-03   9.99946138E-03
                  17    5.71922122E-06   1.70346832E-05
                  18    1.55864371E+00   1.61365910E+00
                  102   7.02987032E+01   6.87608785E+01
922380   U238     4       
                  16    3.39930800E-03   2.93343413E-03
                  17    1.80154791E-05   4.62453127E-05
                  18    8.53145491E-02   8.88030655E-02
                  102   9.33596040E-01   9.50563284E-01
922390   U239     4       
                  16    1.52391099E-02   1.65527122E-02
                  17    2.38233014E-05   5.13932521E-05
                  18    1.26559340E+01   1.29078648E+01
                  102   2.01162739E+01   2.04939620E+01
932360   Np236    3       
                  16    7.24947045E-04   6.43071520E-04
                  18    3.57984008E+02   3.30223244E+02
                  102   1.91664116E+01   1.77697919E+01
932370   Np237    4       
                  16    7.26982901E-04   4.28779114E-04
                  17    5.37878404E-07   1.93738161E-06
                  18    4.59821712E-01   4.74534528E-01
                  102   4.17185216E+01   4.10131878E+01
932380   Np238    4       
                  16    2.92037469E-03   3.05275599E-03
                  17    5.53562337E-07   1.59507424E-06
                  18    2.79386069E+02   2.58136168E+02
                  102   4.89915467E+01   4.52181568E+01
932390   Np239    4       
                  16    2.34083783E-03   1.66663222E-03
                  17    6.29602194E-06   1.77333718E-05
                  18    1.71375514E-01   1.77864756E-01
                  102   3.22823330E+01   3.18566197E+01
942360   Pu236    3       
                  16    1.04365735E-04   5.06385284E-05
                  18    3.93478071E+01   3.72851641E+01
                  102   9.29349930E+00   8.59749606E+00
942370   Pu237    3       
                  16    3.11412026E-04   2.65403266E-04
                  18    2.85955219E+02   2.64642944E+02
                  102   2.50186549E+01   2.31650259E+01
942380   Pu238    3       
                  16    1.10992019E-04   6.17696605E-05
                  18    2.67570614E+00   2.57607281E+00
                  102   3.48762217E+01   3.20153802E+01
942390   Pu239    4       
                  16    8.96695954E-04   8.27762011E-04
                  17    2.81686936E-07   6.51673923E-07
                  18    1.63802263E+02   1.51450681E+02
                  102   9.10217335E+01   8.44365343E+01
942400   Pu240    4       
                  16    8.96200803E-04   5.84253492E-04
                  17    6.36748045E-07   1.75960900E-06
                  18    5.49526932E-01   5.62189558E-01
                  102   2.81807145E+02   2.66583628E+02
942410   Pu241    4       
                  16    4.78078758E-03   5.36956407E-03
                  17    8.90024203E-06   2.16110313E-05
                  18    1.72195005E+02   1.58822047E+02
                  102   6.25992617E+01   5.75281824E+01
942420   Pu242    4       
                  16    1.57370996E-03   1.17670037E-03
                  17    5.39787887E-06   1.33289328E-05
                  18    3.74641571E-01   3.88143345E-01
                  102   3.15823051E+01   2.84396076E+01
942430   Pu243    4       
                  16    1.23795876E-02   1.37851706E-02
                  17    1.55898340E-04   1.22585466E-04
                  18    3.62947713E+01   3.48335382E+01
                  102   1.76353956E+01   1.69147837E+01
952410   Am241    4       
                  16    3.47740059E-04   2.07866662E-04
                  17    2.23306453E-07   5.11697834E-07
                  18    1.31006187E+00   1.26728149E+00
                  102   1.75713156E+02   1.63365435E+02
952420   Am242    3       
                  16    1.43600964E-03   1.33368399E-03
                  18    3.21728348E+02   2.97311931E+02
                  102   3.49440830E+01   3.23524537E+01
952421   Am242m1  3       
                  16    1.28683818E-03   1.11570125E-03
                  18    9.93200310E+02   9.12569500E+02
                  102   1.91862051E+02   1.76124434E+02
952430   Am243    4       
                  16    5.25487422E-04   3.10854636E-04
                  17    1.29525740E-06   3.97485752E-06
                  18    3.89297775E-01   3.97768776E-01
                  102   6.30643325E+01   6.00755211E+01
952440   Am244    4       
                  16    5.12930553E-03   5.97497403E-03
                  17    1.18263497E-05   3.41471122E-05
                  18    3.11659837E+02   2.88362311E+02
                  102   7.95827412E+01   7.36090139E+01
952441   Am244m1  4       
                  16    5.12894318E-03   5.97455113E-03
                  17    1.18263497E-05   3.41471122E-05
                  18    2.75331139E+02   2.55494622E+02
                  102   6.91731619E+01   6.41898844E+01
962420   Cm242    3       
                  16    2.74890114E-04   1.54369091E-04
                  18    1.46833254E+00   1.42818424E+00
                  102   5.71415916E+00   5.86253046E+00
962430   Cm243    3       
                  16    8.08108241E-04   7.74788939E-04
                  18    1.06905804E+02   1.01511971E+02
                  102   1.82978703E+01   1.71087432E+01
962440   Cm244    4       
                  16    5.81280320E-04   3.86365513E-04
                  17    3.38537570E-07   7.50851307E-07
                  18    8.67972021E-01   8.91464141E-01
                  102   1.62311139E+01   1.97228978E+01
962450   Cm245    4       
                  16    1.82335351E-03   1.85459920E-03
                  17    2.70543001E-07   7.59266818E-07
                  18    1.86015055E+02   1.71675639E+02
                  102   2.90900245E+01   2.67684975E+01
962460   Cm246    4       
                  16    1.38704560E-03   1.02164349E-03
                  17    1.68948432E-06   5.23577754E-06
                  18    4.85893919E-01   4.94881572E-01
                  102   3.54351219E+00   3.28837005E+00
