*************************** NUIT one-group neutron cross-section data ***************************
Number of isotopes with neutron data: 
	420
Number of burnup steps:
	2

BU(MWd/kgHM)
0.00000000E+00   1.00000000E+00

NucId    NucName  MT
10010    H1       1       
                  102   1.03632235E-01   1.03549495E-01
10020    H2       2       
                  16    2.18847593E-04   2.16335730E-04
                  102   1.58401574E-04   1.58273503E-04
10030    H3       1       
                  16    5.61943723E-06   3.48598896E-06
20030    He3      2       
                  102   2.49693525E-05   2.49312128E-05
                  103   1.65848918E+03   1.65716267E+03
30060    Li6      2       
                  102   1.20183259E-02   1.20087272E-02
                  103   1.69414280E-04   1.68072368E-04
30070    Li7      2       
                  16    1.68423842E-06   1.09349752E-06
                  102   1.41733046E-02   1.41619685E-02
40090    Be9      3       
                  16    4.77977602E-03   4.78794077E-03
                  102   3.13341892E-03   3.12956525E-03
                  107   1.88216602E-03   1.89641468E-03
50100    B10      3       
                  102   1.55830569E-01   1.55639043E-01
                  103   7.10375985E-04   7.13606575E-04
                  107   1.19942574E+03   1.19795159E+03
50110    B11      2       
                  102   1.72570465E-03   1.72379101E-03
                  107   2.14906035E-06   1.36479734E-06
70140    N14      3       
                  102   2.33907896E-02   2.33721011E-02
                  103   5.73423576E-01   5.72895858E-01
                  107   4.23428182E-03   4.25455449E-03
70150    N15      4       
                  16    1.77190321E-07   1.02457980E-06
                  102   9.95472409E-06   9.93951360E-06
                  103   4.48891615E-07   4.25322253E-07
                  107   2.58985525E-06   1.80544831E-06
80160    O16      3       
                  102   7.39752398E-05   7.42322313E-05
                  103   1.52878243E-06   7.86141174E-07
                  107   3.33847500E-04   3.36175093E-04
80170    O17      4       
                  16    1.50859045E-06   1.33463063E-06
                  102   1.20868365E-03   1.20769199E-03
                  103   3.60928202E-07   5.27491761E-07
                  107   8.10883877E-02   8.09713801E-02
90190    F19      3       
                  102   3.30247409E-03   0.00000000E+00
                  103   4.55495287E-05   0.00000000E+00
                  107   6.26308733E-04   0.00000000E+00
110220   Na22     4       
                  16    9.96939640E-08   3.18218631E-07
                  102   7.91845741E+01   7.90589066E+01
                  103   9.05226284E+03   9.03785648E+03
                  107   9.06792977E+00   9.05346707E+00
110230   Na23     4       
                  102   3.86371874E-02   3.85825020E-02
                  103   6.13602689E-05   5.83820915E-05
                  107   2.44024049E-05   1.97410326E-05
                  1021  1.27902413E-01   1.27721386E-01
120240   Mg24     3       
                  102   1.58954419E-02   1.58867480E-02
                  103   6.12568139E-05   5.51364498E-05
                  107   2.08914349E-04   2.00370748E-04
120250   Mg25     4       
                  16    3.62897266E-05   2.56109839E-05
                  102   5.97519474E-02   5.96593954E-02
                  103   6.82537013E-05   6.80208157E-05
                  107   6.97592831E-04   6.94473858E-04
120260   Mg26     4       
                  16    5.56700260E-07   3.88298208E-06
                  102   1.20043634E-02   1.19892945E-02
                  103   7.45548351E-07   6.59742803E-07
                  107   7.14083844E-06   4.61493449E-06
130270   Al27     3       
                  102   7.34543476E-02   7.32838237E-02
                  103   1.59491225E-04   1.57601195E-04
                  107   2.64348346E-05   2.29527329E-05
140280   Si28     3       
                  102   5.29692676E-02   5.29987480E-02
                  103   2.75264636E-04   2.73590642E-04
                  107   1.18040736E-04   1.11419507E-04
140290   Si29     4       
                  16    3.91353816E-06   4.22775347E-06
                  102   3.81507209E-02   3.81210622E-02
                  103   1.53652643E-04   1.47374570E-04
                  107   2.49546099E-04   2.41432642E-04
140300   Si30     4       
                  16    2.00239479E-06   4.80687243E-06
                  102   4.46858981E-02   4.66479739E-02
                  103   9.76414938E-07   7.83737514E-07
                  107   4.71689639E-06   3.49105169E-06
150310   P31      3       
                  102   5.41011511E-02   5.40422190E-02
                  103   1.51230988E-03   1.50682388E-03
                  107   7.92587286E-05   7.48295681E-05
160320   S32      3       
                  102   1.65176668E-01   1.64974439E-01
                  103   2.97857225E-03   2.98396812E-03
                  107   1.04820909E-02   1.05097836E-02
160330   S33      4       
                  16    9.20868183E-06   5.49473434E-06
                  102   1.09410563E-01   1.09293680E-01
                  103   5.05680865E-03   5.05324856E-03
                  107   1.71336901E-01   1.71330575E-01
160340   S34      4       
                  16    5.04933298E-07   2.65826789E-06
                  102   6.98014148E-02   6.97166889E-02
                  103   3.10778594E-05   2.89002305E-05
                  107   1.35946481E-04   1.34192572E-04
160360   S36      3       
                  16    9.35872235E-06   9.79901088E-06
                  102   5.51488988E-02   5.50841316E-02
                  107   2.00537361E-06   1.57866327E-06
170350   Cl35     3       
                  102   1.35583860E+01   1.35430597E+01
                  103   1.60714692E-01   1.61554594E-01
                  107   8.53536047E-04   8.54034110E-04
170370   Cl37     5       
                  16    3.07769063E-06   5.72888982E-06
                  102   1.19266313E-01   1.19099577E-01
                  103   6.68197193E-06   5.93600157E-06
                  107   1.54236671E-05   1.46449761E-05
                  1021  1.61251196E-02   1.61025765E-02
180360   Ar36     3       
                  102   1.58396427E+00   1.58212402E+00
                  103   7.31336800E-03   7.35008164E-03
                  107   4.07255005E-03   4.08584751E-03
180380   Ar38     4       
                  16    3.23723444E-07   2.25594366E-06
                  102   2.52035279E-01   2.51754953E-01
                  103   4.61587908E-05   4.26074805E-05
                  107   2.53188741E-04   2.55910121E-04
180400   Ar40     4       
                  16    1.09801516E-05   1.37619808E-05
                  102   2.05934980E-01   2.05684997E-01
                  103   8.13166168E-07   5.45752659E-07
                  107   7.39644187E-06   6.61552263E-06
190390   K39      3       
                  102   6.64432695E-01   6.63429379E-01
                  103   5.50688370E-03   5.53573589E-03
                  107   3.45853666E-03   3.46166717E-03
190400   K40      4       
                  16    2.21316926E-05   1.41284682E-05
                  102   9.36318718E+00   9.35168122E+00
                  103   1.20941982E+00   1.20797978E+00
                  107   1.96743870E-01   1.96587980E-01
190410   K41      4       
                  16    3.98949090E-07   5.46722509E-07
                  102   4.62542679E-01   4.61168179E-01
                  103   8.30838001E-05   8.29316367E-05
                  107   3.79972897E-05   3.75967312E-05
200400   Ca40     3       
                  102   1.27887933E-01   1.27867312E-01
                  103   4.58481580E-03   4.58285682E-03
                  107   2.40368173E-03   2.40352199E-03
200420   Ca42     4       
                  16    3.98477957E-07   2.42483960E-06
                  102   2.14990168E-01   2.14460337E-01
                  103   1.40491865E-04   1.33972542E-04
                  107   9.73948161E-05   9.46178230E-05
200430   Ca43     4       
                  16    2.50914088E-05   1.88114817E-05
                  102   3.65204039E+00   3.64773502E+00
                  103   1.27087760E-04   1.25642699E-04
                  107   1.84633768E-04   1.83251477E-04
200440   Ca44     4       
                  16    1.41444370E-06   5.49158404E-06
                  102   2.77821679E-01   2.77598642E-01
                  103   3.04088681E-06   2.36323475E-06
                  107   1.53040314E-06   1.18482678E-06
200460   Ca46     2       
                  16    6.63817167E-06   1.14724774E-05
                  102   2.31286032E-01   2.31000851E-01
200480   Ca48     2       
                  16    1.33802740E-05   1.62390580E-05
                  102   3.40909754E-01   3.40490637E-01
210450   Sc45     5       
                  16    4.05673570E-07   2.26916971E-06
                  102   4.71000612E+00   4.70413108E+00
                  103   1.42763712E-03   1.42768530E-03
                  107   1.76021199E-05   1.68222186E-05
                  1021  3.76122791E+00   3.75653633E+00
220460   Ti46     3       
                  102   1.86462924E-01   1.86208814E-01
                  103   4.28191817E-04   4.23114976E-04
                  107   5.30679225E-05   5.01620524E-05
220470   Ti47     4       
                  16    1.31182900E-05   1.19356627E-05
                  102   5.21425077E-01   5.21039780E-01
                  103   8.84103067E-04   8.86201826E-04
                  107   4.27281908E-04   4.26799375E-04
220480   Ti48     4       
                  16    5.04931273E-07   3.42265328E-06
                  102   2.59659793E+00   2.59357590E+00
                  103   1.35789438E-05   1.21358736E-05
                  107   2.37512626E-06   1.92128465E-06
220490   Ti49     4       
                  16    2.22445417E-05   1.64283731E-05
                  102   5.83228793E-01   5.82449040E-01
                  103   4.66205082E-05   4.64006550E-05
                  107   5.42008253E-06   5.09642052E-06
220500   Ti50     4       
                  16    3.03812607E-06   8.11343950E-06
                  102   5.62260155E-02   5.61615754E-02
                  103   3.30883422E-07   2.70850636E-07
                  107   3.60301755E-07   2.64869139E-07
230500   V50      4       
                  16    1.04867540E-05   1.14310971E-05
                  102   1.47236319E+01   1.47735767E+01
                  103   7.19876864E-04   7.19285942E-04
                  107   7.27872652E-06   6.49484331E-06
230510   V51      4       
                  16    1.46852131E-06   5.77093263E-06
                  102   1.54253237E+00   1.54091542E+00
                  103   2.19164891E-05   2.12801106E-05
                  107   9.67393199E-07   7.34003092E-07
240500   Cr50     3       
                  102   4.81339155E+00   4.80749538E+00
                  103   2.09167985E-03   2.09203998E-03
                  107   1.45917267E-04   1.44925539E-04
240520   Cr52     4       
                  16    2.76209595E-07   1.99023687E-06
                  102   2.70047585E-01   2.70313128E-01
                  103   4.07896994E-05   3.83709277E-05
                  107   4.62317478E-06   3.83746752E-06
240530   Cr53     4       
                  16    4.03455390E-05   2.85503146E-05
                  102   5.65219175E+00   5.64530974E+00
                  103   1.59133483E-05   1.53810404E-05
                  107   3.57257852E-05   3.55288775E-05
240540   Cr54     4       
                  16    1.57511421E-05   1.67928361E-05
                  102   1.28945302E-01   1.28930202E-01
                  103   3.12928371E-07   2.56487019E-07
                  107   1.76960433E-06   1.52553341E-06
250550   Mn55     4       
                  16    5.87435190E-06   9.81899671E-06
                  102   4.31587891E+00   4.31400288E+00
                  103   1.04122870E-05   9.80826338E-06
                  107   1.56746146E-06   1.35815237E-06
260540   Fe54     3       
                  102   7.06880608E-01   7.06324080E-01
                  103   3.45442895E-03   3.46275409E-03
                  107   3.55203740E-05   3.35439405E-05
260560   Fe56     4       
                  16    9.36831162E-07   4.23553784E-06
                  102   8.10155334E-01   8.10583781E-01
                  103   4.07560449E-05   3.79807923E-05
                  107   1.68764613E-05   1.55372595E-05
260570   Fe57     4       
                  16    6.12176043E-05   4.07056269E-05
                  102   7.64651955E-01   7.64927988E-01
                  103   2.95644949E-05   2.88567205E-05
                  107   4.26124177E-05   4.23832107E-05
260580   Fe58     4       
                  16    1.07085057E-05   1.44809926E-05
                  102   3.78370669E-01   3.83129963E-01
                  103   3.52952712E-07   2.94088739E-07
                  107   2.41391686E-06   1.86851228E-06
270580   Co58     4       
                  16    2.85974675E-05   1.94997861E-05
                  102   7.14381699E+02   7.14767758E+02
                  103   8.71735578E+00   8.72598984E+00
                  107   8.32784651E-04   8.28888360E-04
270581   Co58m1   4       
                  16    3.40376698E-05   2.07822721E-05
                  102   4.08266243E+04   3.96596001E+04
                  103   1.44073512E+04   1.39955557E+04
                  107   2.44367577E-04   2.34298868E-04
270590   Co59     5       
                  16    4.78096808E-06   9.29302231E-06
                  102   5.68819427E+00   5.71440370E+00
                  103   5.76343677E-05   5.69247325E-05
                  107   5.82598338E-06   5.23472666E-06
                  1021  7.12305409E+00   7.15587490E+00
280580   Ni58     3       
                  102   1.32172524E+00   1.32010728E+00
                  103   4.70664252E-03   4.71374442E-03
                  107   2.53659375E-04   2.53231567E-04
280590   Ni59     4       
                  16    1.08841327E-05   7.66525071E-06
                  102   2.70833065E+01   2.72270878E+01
                  103   5.80699524E-01   5.83168533E-01
                  107   4.54253481E+00   4.56481816E+00
280600   Ni60     4       
                  16    5.79111844E-07   3.21123906E-06
                  102   7.53025677E-01   7.52697917E-01
                  103   7.73050424E-05   7.42474910E-05
                  107   6.69468948E-05   6.53137959E-05
280610   Ni61     4       
                  16    3.83477163E-05   2.64773516E-05
                  102   8.12107159E-01   8.14382071E-01
                  103   1.24790881E-04   1.22912529E-04
                  107   1.05875440E-04   1.05398183E-04
280620   Ni62     4       
                  16    5.18072769E-06   9.76895940E-06
                  102   4.66351291E+00   4.66021668E+00
                  103   1.24830023E-06   1.10245101E-06
                  107   1.89407831E-06   1.66028996E-06
280640   Ni64     3       
                  16    2.04894794E-05   1.92772177E-05
                  102   4.64844448E-01   4.65880891E-01
                  107   4.20619727E-07   4.09413162E-07
290630   Cu63     4       
                  16    1.34716464E-06   4.99673184E-06
                  102   1.47699234E+00   1.46441090E+00
                  103   9.63508986E-04   9.68495048E-04
                  107   2.07463126E-05   1.95180442E-05
290650   Cu65     4       
                  16    9.98623400E-06   1.40334288E-05
                  102   6.94359622E-01   7.01395718E-01
                  103   2.30743392E-05   2.28829600E-05
                  107   4.90567721E-07   4.44706399E-07
300640   Zn64     4       
                  16    1.11185002E-07   7.92604236E-07
                  102   2.68728237E-01   2.71940497E-01
                  103   1.48994317E-03   1.49004195E-03
                  107   8.62899164E-04   8.64128618E-04
300650   Zn65     4       
                  16    4.07454732E-05   2.84434106E-05
                  102   2.05075933E+01   2.05048822E+01
                  103   1.30258056E-01   1.33323835E-01
                  107   7.89089038E-01   7.92422312E-01
300660   Zn66     4       
                  16    2.10292570E-06   7.35572863E-06
                  102   2.10067390E-01   2.09789640E-01
                  103   4.53242235E-05   4.40549919E-05
                  107   5.43395984E-05   5.37475835E-05
300670   Zn67     4       
                  16    1.00473848E-04   6.94236697E-05
                  102   2.75765865E+00   2.79826984E+00
                  103   3.99680673E-05   3.93903725E-05
                  107   3.48992172E-04   3.48887447E-04
300680   Zn68     4       
                  16    9.46134461E-06   1.44463164E-05
                  102   3.83552810E-01   3.87981936E-01
                  103   1.52983585E-06   1.30236603E-06
                  107   3.06647477E-06   2.89094438E-06
300700   Zn70     4       
                  16    2.92228943E-05   2.44540988E-05
                  102   3.01636327E-02   2.99528064E-02
                  103   9.66231841E-08   1.04943756E-07
                  107   3.85668926E-07   3.38818962E-07
310690   Ga69     4       
                  16    4.68198809E-06   9.99288228E-06
                  102   9.34827822E-01   8.48004782E-01
                  103   1.06361946E-04   1.05562215E-04
                  107   1.75660344E-05   1.70510949E-05
310710   Ga71     4       
                  16    1.26046017E-05   1.49622704E-05
                  102   2.15608328E+00   2.19484990E+00
                  103   2.46027666E-06   2.27702474E-06
                  107   5.19964773E-07   4.54092773E-07
320700   Ge70     4       
                  16    6.85522227E-07   4.44184258E-06
                  102   9.79317819E-01   9.81971596E-01
                  103   1.11366459E-04   1.09178743E-04
                  107   1.44581761E-04   1.43920940E-04
320720   Ge72     5       
                  16    4.78475430E-06   1.09523041E-05
                  102   1.44135528E-01   1.44053386E-01
                  103   6.10092246E-06   5.29922347E-06
                  107   3.64877246E-06   3.36638156E-06
                  1021  1.43445334E-01   1.43363585E-01
320730   Ge73     4       
                  16    8.87352658E-05   6.31609504E-05
                  102   5.65188183E+00   5.71990797E+00
                  103   3.40221058E-06   3.20093445E-06
                  107   5.83430795E-06   5.78117074E-06
320740   Ge74     5       
                  16    1.14136560E-05   1.63694955E-05
                  102   1.14205752E-01   1.13734046E-01
                  103   3.41846492E-07   2.90717608E-07
                  107   2.13399294E-07   1.76581425E-07
                  1021  5.72743563E-02   5.70377946E-02
320760   Ge76     3       
                  16    3.08442784E-05   2.58583183E-05
                  102   3.15852985E-02   3.28889666E-02
                  1021  4.72793670E-02   4.92308001E-02
330740   As74     4       
                  16    8.08994633E-05   5.23675213E-05
                  102   8.68129094E+00   8.72355217E+00
                  103   7.70447283E-03   7.70414159E-03
                  107   7.54607435E-05   7.54789400E-05
330750   As75     4       
                  16    8.07846929E-06   1.40244542E-05
                  102   2.85955204E+00   2.85933320E+00
                  103   1.90611388E-05   1.88328036E-05
                  107   1.09843389E-06   9.63430170E-07
340740   Se74     4       
                  16    2.66459202E-07   1.93101585E-06
                  102   2.72609335E+01   2.83093527E+01
                  103   7.08964305E-04   7.09595772E-04
                  107   1.71106407E-04   1.70202411E-04
340760   Se76     5       
                  16    2.82433719E-06   9.81553909E-06
                  102   1.97093301E+01   1.96745954E+01
                  103   2.31572140E-05   2.14490686E-05
                  107   9.62447643E-06   8.91668940E-06
                  1021  6.89254612E+00   6.88039908E+00
340770   Se77     4       
                  16    1.56725221E-04   1.03315525E-04
                  102   1.33451529E+01   1.33390420E+01
                  103   3.57101951E-05   3.56027427E-05
                  107   3.09125232E-05   3.10418810E-05
340780   Se78     5       
                  16    9.15924185E-06   1.46110675E-05
                  102   2.76930661E-02   2.58446671E-02
                  103   7.87342640E-07   6.69780651E-07
                  107   6.32399480E-07   5.21002804E-07
                  1021  2.07392384E-01   1.93549791E-01
340790   Se79     4       
                  16    2.45102757E-04   1.88256213E-04
                  102   1.64252171E+01   1.63997213E+01
                  103   1.02711104E-06   9.92454339E-07
                  107   3.08474838E-06   3.06523111E-06
340800   Se80     5       
                  16    2.42303518E-05   2.28551301E-05
                  102   1.74149082E-01   1.74583449E-01
                  103   1.71457801E-07   1.94557460E-07
                  107   3.68223362E-07   3.21857299E-07
                  1021  3.18469932E-02   3.19264267E-02
340820   Se82     3       
                  16    4.07703460E-05   2.88530017E-05
                  102   2.56047195E-03   2.67271174E-03
                  1021  1.57025234E-02   1.63908527E-02
350790   Br79     5       
                  16    5.90758372E-06   1.18225603E-05
                  102   4.61632549E+00   4.62674801E+00
                  103   1.84279390E-04   1.83823383E-04
                  107   2.06848692E-06   1.88324991E-06
                  1021  1.38904135E+00   1.39217746E+00
350810   Br81     5       
                  16    1.40247171E-05   1.76443985E-05
                  102   1.54332533E-01   1.63765665E-01
                  103   9.03570253E-06   8.72371193E-06
                  107   1.28596706E-07   1.16754626E-07
                  1021  1.53420721E+00   1.62798122E+00
360780   Kr78     5       
                  16    1.71252327E-07   1.22528100E-06
                  102   2.43103745E+00   2.48273752E+00
                  103   1.04702172E-03   1.04828799E-03
                  107   3.38423506E-05   3.31884165E-05
                  1021  7.41536568E-02   7.57306582E-02
360800   Kr80     5       
                  16    1.27585870E-06   7.84057451E-06
                  102   2.91577142E+00   2.86080990E+00
                  103   4.71016593E-05   4.59188236E-05
                  107   7.16417968E-06   6.78929767E-06
                  1021  1.91886864E+00   1.88269847E+00
360820   Kr82     5       
                  16    4.44994573E-06   1.20241315E-05
                  102   2.99078121E+00   2.98732631E+00
                  103   3.36386083E-06   3.07505630E-06
                  107   8.38114038E-07   7.37977145E-07
                  1021  5.99054375E+00   5.98362357E+00
360830   Kr83     4       
                  16    1.18202515E-04   8.03508220E-05
                  102   6.24924112E+01   6.27273205E+01
                  103   4.86452722E-06   4.75261450E-06
                  107   2.29533081E-07   2.27583412E-07
360840   Kr84     4       
                  16    8.42466064E-06   1.37727096E-05
                  102   1.49764766E-02   1.44066233E-02
                  103   2.96881668E-07   2.51252269E-07
                  1021  6.64616776E-02   6.39328183E-02
360850   Kr85     3       
                  16    5.75560404E-05   4.36698726E-05
                  102   5.61740556E-01   5.62723280E-01
                  103   2.25386465E-07   2.21635678E-07
360860   Kr86     2       
                  16    1.92746749E-05   1.89204582E-05
                  102   7.50381255E-04   7.46702851E-04
370850   Rb85     5       
                  16    8.16256685E-06   1.39734510E-05
                  102   2.89512658E-01   2.77556986E-01
                  103   1.65871538E-05   1.63814726E-05
                  107   1.77213990E-07   1.61323481E-07
                  1021  3.98158121E-02   3.81715841E-02
370860   Rb86     4       
                  16    3.84515171E-05   2.85692659E-05
                  102   1.35661084E+00   1.37123178E+00
                  103   1.76496041E-05   1.74373270E-05
                  107   2.58938601E-07   2.67085146E-07
370870   Rb87     3       
                  16    2.09166866E-05   2.24057015E-05
                  102   1.01990258E-01   9.52959424E-02
                  103   2.90837885E-07   2.78627146E-07
380840   Sr84     5       
                  16    5.14904768E-07   3.67626222E-06
                  102   1.31384758E-01   1.29332030E-01
                  103   1.52998072E-04   1.51571198E-04
                  107   3.80381560E-06   3.67535810E-06
                  1021  3.87922585E-01   3.81861765E-01
380860   Sr86     5       
                  16    1.63046267E-06   9.41306638E-06
                  102   7.95181538E-02   8.38245408E-02
                  103   2.27129335E-05   2.21025476E-05
                  107   2.32142271E-07   2.23348005E-07
                  1021  3.20472560E-01   3.37828079E-01
380870   Sr87     4       
                  16    7.69775916E-05   4.68611567E-05
                  102   7.45057275E+00   7.49978986E+00
                  103   2.45866677E-05   2.45426646E-05
                  107   1.10669043E-06   1.09284285E-06
380880   Sr88     3       
                  16    2.28335775E-06   1.05888251E-05
                  102   3.52939846E-03   3.51486289E-03
                  103   2.68527808E-07   2.50684880E-07
380890   Sr89     4       
                  16    2.86336803E-04   2.49956170E-04
                  102   1.36117039E-01   1.35917875E-01
                  103   1.16992039E-07   1.27896338E-07
                  107   1.37365958E-07   1.37719180E-07
380900   Sr90     2       
                  16    1.33851875E-04   8.80594080E-05
                  102   6.70532319E-03   6.61322481E-03
390890   Y89      4       
                  16    1.68532484E-06   9.00981530E-06
                  102   4.05928231E-01   4.05712282E-01
                  103   1.11802127E-05   1.09579944E-05
                  107   1.04572614E-07   1.02623158E-07
390900   Y90      4       
                  16    1.37354666E-04   1.01803496E-04
                  102   1.05578157E+00   1.05230338E+00
                  103   2.37549965E-06   2.20474182E-06
                  107   9.82881860E-07   9.43854812E-07
390910   Y91      4       
                  16    1.11583615E-04   7.33499196E-05
                  102   4.86497311E-01   4.85510923E-01
                  103   3.97082815E-07   3.73356468E-07
                  107   1.24606168E-07   1.12112866E-07
400900   Zr90     4       
                  16    7.30741886E-07   5.27946930E-06
                  102   6.91280447E-03   7.33104215E-03
                  103   1.23152727E-05   1.17261820E-05
                  107   7.00443632E-07   6.32259352E-07
400910   Zr91     4       
                  16    9.41806978E-05   6.78627549E-05
                  102   5.08653379E-01   5.17329048E-01
                  103   7.09644269E-06   6.68051601E-06
                  107   6.82812073E-05   6.83949881E-05
400920   Zr92     4       
                  16    6.44474466E-05   3.99197156E-05
                  102   8.54633926E-02   8.43468806E-02
                  103   7.44321499E-07   6.70673445E-07
                  107   1.82208359E-06   1.79955283E-06
400930   Zr93     4       
                  16    1.51004709E-04   1.12822182E-04
                  102   6.60739830E-01   5.72850180E-01
                  103   1.92832478E-07   2.01475962E-07
                  107   1.41173475E-06   1.38192529E-06
400940   Zr94     3       
                  16    9.74826271E-05   6.06496236E-05
                  102   2.32191565E-02   2.21188982E-02
                  107   1.01457698E-07   1.19145314E-07
400950   Zr95     2       
                  16    2.30944058E-04   1.87919418E-04
                  102   5.31260209E-01   5.28214121E-01
400960   Zr96     2       
                  16    1.32944669E-04   8.74004091E-05
                  102   1.30997120E-01   1.23440096E-01
410930   Nb93     5       
                  16    5.81443656E-05   3.86722340E-05
                  102   1.82007349E-01   1.81396758E-01
                  103   1.07386650E-05   1.02099916E-05
                  107   5.03438654E-06   4.90621053E-06
                  1021  4.04923798E-01   4.03565377E-01
410940   Nb94     5       
                  16    1.98134269E-04   1.41405698E-04
                  102   7.06997911E+00   7.02094966E+00
                  103   1.67319706E-05   1.65090916E-05
                  107   4.27653255E-06   4.19808895E-06
                  1021  2.86919027E-01   2.84929279E-01
410950   Nb95     4       
                  16    8.48078980E-05   5.07203899E-05
                  102   3.01500762E+00   3.08032776E+00
                  103   2.18275023E-06   1.99441279E-06
                  107   8.58227265E-07   8.10725303E-07
420920   Mo92     5       
                  16    1.10591360E-07   7.95499899E-07
                  102   4.58777565E-02   4.51779343E-02
                  103   4.50395541E-04   4.50725402E-04
                  107   5.80250082E-06   5.64072479E-06
                  1021  1.01153602E-04   9.96105987E-05
420940   Mo94     4       
                  16    2.41812292E-05   2.23129053E-05
                  102   1.35732004E-01   1.36992754E-01
                  103   1.28688817E-05   1.22795744E-05
                  107   3.91447760E-05   3.91210075E-05
420950   Mo95     4       
                  16    9.89901008E-05   6.69619558E-05
                  102   6.61509980E+00   6.36473525E+00
                  103   2.14394547E-06   2.15297104E-06
                  107   1.45202390E-04   1.47307790E-04
420960   Mo96     4       
                  16    4.57067517E-05   3.27090106E-05
                  102   5.54875716E-01   5.34358556E-01
                  103   8.99966568E-07   8.06985283E-07
                  107   3.40977286E-06   3.30808350E-06
420970   Mo97     4       
                  16    1.61580112E-04   1.20071665E-04
                  102   1.03618108E+00   1.05788478E+00
                  103   5.85308863E-07   5.54124316E-07
                  107   4.04552187E-06   4.02961116E-06
420980   Mo98     3       
                  16    7.19320339E-05   4.42691976E-05
                  102   1.97637398E-01   1.78181308E-01
                  107   3.42920021E-07   3.27337427E-07
420990   Mo99     3       
                  16    7.07198996E-04   6.73323616E-04
                  102   3.38532296E+00   3.37150250E+00
                  107   2.93865134E-07   2.89948482E-07
421000   Mo100    2       
                  16    9.17277889E-05   5.51732383E-05
                  102   1.54462653E-01   1.48248134E-01
430990   Tc99     4       
                  16    4.59760075E-05   3.40527114E-05
                  102   1.29091662E+01   1.28149640E+01
                  103   7.20565849E-07   6.39622391E-07
                  107   3.81238274E-07   3.37527615E-07
440960   Ru96     4       
                  16    4.38656857E-06   9.87310428E-06
                  102   2.40500176E-01   2.44713868E-01
                  103   1.32351338E-04   1.29468209E-04
                  107   4.47326859E-04   4.49096140E-04
440980   Ru98     4       
                  16    1.21142382E-05   1.68316711E-05
                  102   2.67720323E+00   2.66448868E+00
                  103   1.84026647E-05   1.71670496E-05
                  107   2.66380293E-05   2.63231539E-05
440990   Ru99     4       
                  16    1.61046671E-04   1.05143433E-04
                  102   6.01826544E+00   5.76684009E+00
                  103   1.46015676E-05   1.42694156E-05
                  107   5.16085774E-05   5.16170496E-05
441000   Ru100    4       
                  16    3.87749909E-05   3.29458372E-05
                  102   2.00896046E+00   1.99748605E+00
                  103   6.90981880E-07   6.15217488E-07
                  107   2.76391631E-06   2.66236044E-06
441010   Ru101    4       
                  16    1.77431791E-04   1.29475572E-04
                  102   3.89274408E+00   4.12025139E+00
                  103   8.93625445E-07   8.39172513E-07
                  107   1.01878501E-06   9.75377185E-07
441020   Ru102    3       
                  16    3.35921328E-05   2.89768512E-05
                  102   5.02589796E-01   5.09047804E-01
                  107   8.05537101E-07   7.85053375E-07
441030   Ru103    4       
                  16    3.22707784E-04   2.61150460E-04
                  102   1.34853332E+00   1.40451772E+00
                  103   4.20964422E-07   3.73485875E-07
                  107   4.43058144E-07   3.93668529E-07
441040   Ru104    2       
                  16    6.67690715E-05   4.43407961E-05
                  102   2.77855959E-01   3.07353520E-01
441050   Ru105    4       
                  16    4.16818940E-04   3.72092188E-04
                  102   2.57578378E-01   2.59509169E-01
                  103   2.81805130E-07   2.62684337E-07
                  107   1.29987265E-07   1.26590910E-07
441060   Ru106    2       
                  16    1.19810151E-04   6.85990839E-05
                  102   8.67148234E-02   8.90775857E-02
451030   Rh103    4       
                  16    3.65295127E-05   2.97987904E-05
                  102   7.52677569E+01   7.47573678E+01
                  103   5.47481673E-06   5.24016159E-06
                  107   4.35421949E-07   4.09140226E-07
451050   Rh105    4       
                  16    4.13069764E-05   3.18609193E-05
                  102   5.02437878E+03   5.02047579E+03
                  103   7.49899942E-07   6.69751268E-07
                  107   1.09238912E-07   1.04664189E-07
461020   Pd102    4       
                  16    6.96421390E-06   1.26047979E-05
                  102   8.81666949E-01   9.08754708E-01
                  103   2.15113995E-04   2.05757287E-04
                  107   1.37980692E-04   1.37767810E-04
461040   Pd104    4       
                  16    1.80088601E-05   2.20526791E-05
                  102   6.61717424E-01   6.43181891E-01
                  103   5.88194558E-06   5.64991517E-06
                  107   8.94074069E-06   8.87032250E-06
461050   Pd105    4       
                  16    1.23868797E-04   8.53058873E-05
                  102   8.36615845E+00   8.28946514E+00
                  103   3.64401855E-06   3.40722534E-06
                  107   1.91132497E-06   1.85183050E-06
461060   Pd106    4       
                  16    3.88837127E-05   3.30390891E-05
                  102   2.63802921E-01   2.69796059E-01
                  103   1.57895916E-06   1.43413071E-06
                  107   6.47217911E-07   6.32823286E-07
461070   Pd107    4       
                  16    3.76229445E-04   3.20475271E-04
                  102   3.06602554E+00   3.11661168E+00
                  103   4.94529016E-07   4.66505099E-07
                  107   3.68878455E-07   3.70960362E-07
461080   Pd108    4       
                  16    6.32299946E-05   4.34354550E-05
                  102   7.66091147E+00   7.74232792E+00
                  103   2.53280984E-07   2.64678637E-07
                  107   1.41196948E-07   1.39755559E-07
461100   Pd110    2       
                  16    8.76532948E-05   5.27107775E-05
                  102   1.37717854E-01   1.39613765E-01
471070   Ag107    4       
                  16    3.47266987E-05   2.96248394E-05
                  102   1.36241680E+01   1.34805177E+01
                  103   2.00095815E-05   1.99607769E-05
                  107   6.56798656E-07   6.23253035E-07
471090   Ag109    4       
                  16    4.00411326E-05   3.17651623E-05
                  102   5.75175658E+01   5.81135777E+01
                  103   1.83538697E-06   1.73378503E-06
                  107   1.00538970E-07   1.03091855E-07
471101   Ag110m1  4       
                  16    2.77306825E-04   2.07006800E-04
                  102   2.44861717E+01   2.45220609E+01
                  103   3.13585132E-06   3.05643337E-06
                  107   1.11198433E-07   1.07404478E-07
471110   Ag111    3       
                  16    6.58571181E-05   4.41015785E-05
                  102   3.17362026E+00   3.08774011E+00
                  103   3.41105047E-07   3.20967766E-07
481060   Cd106    4       
                  16    3.98345153E-06   1.04040686E-05
                  102   4.36455519E-01   4.36955003E-01
                  103   6.64044911E-05   6.54117796E-05
                  107   2.60492781E-04   2.60547849E-04
481080   Cd108    4       
                  16    7.83801483E-06   1.30387517E-05
                  102   6.72812673E-01   6.60267296E-01
                  103   4.05386279E-06   3.63377268E-06
                  107   9.35753501E-07   8.62252769E-07
481100   Cd110    4       
                  16    1.76988367E-05   2.11396562E-05
                  102   3.97450310E+00   3.92709958E+00
                  103   6.20517092E-07   5.39838233E-07
                  107   1.27619163E-07   1.14045513E-07
481110   Cd111    4       
                  16    2.35672767E-04   1.67814942E-04
                  102   3.09764160E+00   3.18310767E+00
                  103   3.66795711E-06   3.52968893E-06
                  107   9.30254362E-07   9.33879347E-07
481120   Cd112    3       
                  16    3.00129158E-05   2.78658797E-05
                  102   9.17476880E-01   9.33363158E-01
                  103   1.97505471E-07   2.15055671E-07
481130   Cd113    4       
                  16    2.34480134E-04   1.89577203E-04
                  102   1.83096994E+04   1.82928923E+04
                  103   2.79225784E-07   2.48040535E-07
                  107   1.01256888E-07   1.08275739E-07
481140   Cd114    2       
                  16    4.02465598E-05   3.30337255E-05
                  102   4.23502534E-01   3.82373269E-01
481151   Cd115m1  2       
                  16    2.71301452E-04   2.13416082E-04
                  102   1.68349222E+00   1.69472440E+00
481160   Cd116    2       
                  16    6.15402954E-05   4.28682889E-05
                  102   6.48487930E-02   6.44409057E-02
491130   In113    4       
                  16    2.82163675E-05   2.86202783E-05
                  102   1.12928200E+01   1.12171239E+01
                  103   1.80427828E-06   1.64512359E-06
                  107   1.38846941E-07   1.34781344E-07
491150   In115    3       
                  16    4.17245095E-05   3.34642060E-05
                  102   1.50682127E+02   1.49834254E+02
                  103   2.98443064E-07   2.72329165E-07
501120   Sn112    4       
                  16    6.83878966E-06   1.51055571E-05
                  102   9.39678911E-01   9.33564555E-01
                  103   7.17719090E-06   6.51487090E-06
                  107   5.56600744E-06   5.45105827E-06
501130   Sn113    4       
                  16    5.31607411E-05   3.94574839E-05
                  102   7.64064415E+00   7.94224275E+00
                  103   4.65945455E-05   4.58264871E-05
                  107   1.90702360E-04   1.93399122E-04
501140   Sn114    4       
                  16    1.13189339E-05   1.82004786E-05
                  102   2.05799614E-01   2.24609106E-01
                  103   1.64586697E-06   1.46230481E-06
                  107   7.05937341E-07   6.84750095E-07
501150   Sn115    4       
                  16    1.38701787E-04   8.96641736E-05
                  102   1.75787434E+01   1.75624725E+01
                  103   1.94784009E-06   1.85349781E-06
                  107   1.24580939E-06   1.24403123E-06
501160   Sn116    3       
                  16    3.16323214E-05   2.87867968E-05
                  102   3.79130496E-01   2.64740002E-01
                  103   3.19817717E-07   3.11767706E-07
501170   Sn117    4       
                  16    2.74471411E-04   1.97867662E-04
                  102   6.68795999E-01   7.11852850E-01
                  103   3.28616557E-07   3.13137074E-07
                  107   1.38936935E-07   1.43160629E-07
501180   Sn118    2       
                  16    4.04082889E-05   3.24087134E-05
                  102   1.44117880E-01   1.53972391E-01
501190   Sn119    2       
                  16    3.90202775E-04   3.38059742E-04
                  102   7.56697492E-01   7.52860514E-01
501200   Sn120    2       
                  16    6.07913248E-05   4.12581308E-05
                  102   6.78690149E-02   6.85590748E-02
501220   Sn122    2       
                  16    8.31537004E-05   5.05425032E-05
                  102   5.97448874E-02   5.80857410E-02
501230   Sn123    2       
                  16    7.06937240E-04   6.54825475E-04
                  102   2.19030370E+00   2.21291770E+00
501240   Sn124    2       
                  16    1.03175876E-04   6.07822732E-05
                  102   2.05461530E-01   2.38872464E-01
501250   Sn125    2       
                  16    2.05136485E-04   1.59626854E-04
                  102   2.22175209E-01   2.41205642E-01
501260   Sn126    2       
                  16    1.30757230E-04   8.09924949E-05
                  102   3.07328262E-02   3.06025012E-02
511210   Sb121    3       
                  16    3.29006856E-05   3.01403109E-05
                  102   5.76076845E+00   5.80789567E+00
                  103   2.36309729E-06   2.20190843E-06
511230   Sb123    3       
                  16    5.05928614E-05   3.69963701E-05
                  102   3.72265953E+00   3.94078295E+00
                  103   8.29981419E-07   7.63913624E-07
511240   Sb124    3       
                  16    3.47081392E-04   2.92140361E-04
                  102   8.56498210E+00   8.48688337E+00
                  103   1.55134917E-07   1.40501695E-07
511250   Sb125    2       
                  16    7.73347482E-05   4.77706513E-05
                  102   2.68532658E+00   2.65402178E+00
511260   Sb126    3       
                  16    1.61068995E-04   1.21941808E-04
                  102   8.11977128E+00   8.26195112E+00
                  103   2.80152229E-07   2.59696809E-07
521200   Te120    4       
                  16    9.84117154E-06   1.60664205E-05
                  102   1.19137091E+00   1.17242667E+00
                  103   7.45723018E-06   7.04500803E-06
                  107   2.92977104E-05   2.92377570E-05
521220   Te122    4       
                  16    2.20879294E-05   2.30379896E-05
                  102   2.63463451E+00   2.58527725E+00
                  103   4.63382111E-07   4.21981227E-07
                  107   2.03899027E-06   1.99427407E-06
521230   Te123    4       
                  16    2.09939135E-04   1.59010030E-04
                  102   2.57342457E+02   2.54993293E+02
                  103   5.99331336E-07   5.56032125E-07
                  107   3.51165239E-05   3.43089637E-05
521240   Te124    4       
                  16    3.79684710E-05   3.07235829E-05
                  102   2.01467805E+00   2.02071143E+00
                  103   1.62425085E-07   1.54913885E-07
                  107   1.96750262E-07   1.93438356E-07
521250   Te125    4       
                  16    3.10189621E-04   2.57141958E-04
                  102   8.69720032E-01   8.60949083E-01
                  103   1.46044777E-07   1.30876297E-07
                  107   2.62401346E-07   2.63069329E-07
521260   Te126    2       
                  16    5.30691902E-05   3.71784283E-05
                  102   2.75163539E-01   2.78845330E-01
521271   Te127m1  2       
                  16    3.46683715E-04   3.02575715E-04
                  102   1.05191846E+03   1.05030095E+03
521280   Te128    2       
                  16    6.94407356E-05   4.36669788E-05
                  102   8.80084606E-02   9.26809628E-02
521291   Te129m1  2       
                  16    4.97145000E-04   4.55272462E-04
                  102   4.99939797E+02   4.99714334E+02
521300   Te130    3       
                  16    8.33036359E-05   5.48450411E-05
                  102   6.47926977E-02   6.44073931E-02
                  103   1.21369121E-07   1.63366934E-07
521320   Te132    2       
                  16    1.04535133E-04   6.90723619E-05
                  102   4.21161392E-02   4.16463361E-02
531270   I127     3       
                  16    5.02495488E-05   3.63517640E-05
                  102   5.14271822E+00   5.17591315E+00
                  103   1.83838559E-06   1.70805383E-06
531290   I129     3       
                  16    7.37582900E-05   4.60885983E-05
                  102   3.97927565E+00   3.98223247E+00
                  1021  5.65577435E+00   5.65997690E+00
531300   I130     3       
                  16    1.88748769E-04   1.44906773E-04
                  102   7.02506038E+00   7.01273267E+00
                  103   6.03843148E-07   5.32322753E-07
531310   I131     3       
                  16    9.39293792E-05   5.69575945E-05
                  102   2.54345416E+01   2.54962131E+01
                  1021  4.16196890E-01   4.17206048E-01
531350   I135     2       
                  16    1.07377960E-04   7.04099942E-05
                  102   2.49002097E+01   2.48801004E+01
541230   Xe123    4       
                  16    6.23853910E-05   4.01399462E-05
                  102   6.35943554E+01   6.36754600E+01
                  103   1.93134280E-01   1.93375498E-01
                  107   6.57334619E-01   6.57524257E-01
541240   Xe124    4       
                  16    5.35544039E-06   1.13748384E-05
                  102   1.14064813E+02   1.13648192E+02
                  103   5.68098954E-05   5.67048730E-05
                  107   1.20030259E-05   1.19590086E-05
541260   Xe126    4       
                  16    1.29595579E-05   1.94390610E-05
                  102   2.61471372E+00   2.55030459E+00
                  103   2.20230754E-06   2.04343732E-06
                  107   2.56672260E-06   2.53155365E-06
541280   Xe128    4       
                  16    2.65994697E-05   2.62635472E-05
                  102   1.84419858E+00   1.83385283E+00
                  103   9.47276353E-07   8.82011011E-07
                  107   3.86018363E-07   3.80862259E-07
541290   Xe129    4       
                  16    1.79400783E-04   1.27956000E-04
                  102   1.18089199E+01   1.20274669E+01
                  103   3.40222614E-07   3.14850026E-07
                  107   4.57669321E-07   4.54720582E-07
541300   Xe130    3       
                  16    7.35913925E-05   5.20107873E-05
                  102   1.53916752E+00   1.52627529E+00
                  103   3.21858992E-07   3.14657718E-07
541310   Xe131    4       
                  16    2.24781397E-04   1.70257921E-04
                  102   4.63083694E+01   4.42529953E+01
                  103   5.90418537E-07   5.75461223E-07
                  107   1.63447738E-07   1.62938808E-07
541320   Xe132    2       
                  16    4.73580696E-05   3.43299102E-05
                  102   2.57151892E-01   2.83547977E-01
541330   Xe133    2       
                  16    3.82377493E-04   3.33210474E-04
                  102   5.93974573E+01   5.93635638E+01
541340   Xe134    2       
                  16    6.43690066E-05   4.14490653E-05
                  102   9.14637278E-02   9.01298256E-02
541350   Xe135    2       
                  16    3.69626116E-04   3.22380746E-04
                  102   8.52034169E+05   8.47957112E+05
541360   Xe136    2       
                  16    1.11574877E-04   7.05623634E-05
                  102   8.22432536E-02   8.19213535E-02
551330   Cs133    3       
                  16    3.68890769E-05   3.14664901E-05
                  102   1.76488042E+01   1.72813515E+01
                  103   7.91731371E-07   7.22884289E-07
551340   Cs134    3       
                  16    2.95484393E-04   2.23467210E-04
                  102   4.39940806E+01   4.38842239E+01
                  103   2.27884302E-07   2.04958231E-07
551350   Cs135    2       
                  16    7.95471496E-05   5.08604486E-05
                  102   3.70718807E+00   3.74465354E+00
551360   Cs136    2       
                  16    3.32553176E-04   2.58766124E-04
                  102   4.84987790E+00   4.97291999E+00
551370   Cs137    2       
                  16    1.15437804E-04   7.21072893E-05
                  102   8.34092847E-02   8.34796209E-02
561300   Ba130    4       
                  16    9.94993782E-06   1.81646525E-05
                  102   6.30984973E+00   6.30741471E+00
                  103   8.80944514E-06   8.44385584E-06
                  107   5.17783566E-06   5.07564493E-06
561320   Ba132    4       
                  16    2.28908221E-05   2.64782878E-05
                  102   3.18949743E+00   3.00580211E+00
                  103   1.22063587E-06   1.11346575E-06
                  107   1.31754728E-06   1.28605421E-06
561330   Ba133    4       
                  16    1.11260878E-04   7.66905629E-05
                  102   3.06465525E+00   3.07402886E+00
                  103   6.16214016E-06   5.96443236E-06
                  107   4.00917602E-05   4.07255127E-05
561340   Ba134    4       
                  16    3.06910751E-05   2.98557156E-05
                  102   8.58048216E-01   9.27706972E-01
                  103   2.96546989E-07   2.79623522E-07
                  107   3.17307205E-07   3.14045600E-07
561350   Ba135    4       
                  16    1.89013054E-04   1.33948425E-04
                  102   4.10541897E+00   3.81398512E+00
                  103   2.98572178E-07   2.75846826E-07
                  107   4.14620815E-07   4.16243728E-07
561360   Ba136    2       
                  16    4.96080246E-05   3.85276887E-05
                  102   2.45356570E-01   2.43230001E-01
561370   Ba137    2       
                  16    2.63987991E-04   1.98522648E-04
                  102   1.15732590E+00   1.16253945E+00
561380   Ba138    2       
                  16    6.24896995E-05   4.35999111E-05
                  102   1.27404821E-01   1.27616323E-01
561400   Ba140    3       
                  16    7.73615307E-04   7.22137684E-04
                  17    2.72350679E-06   1.18951942E-05
                  102   8.02873033E-01   7.73524542E-01
571380   La138    4       
                  16    1.73697509E-04   1.13878710E-04
                  102   2.42883843E+01   2.47318061E+01
                  103   8.68648333E-07   8.42172566E-07
                  107   1.75634467E-07   1.68094019E-07
571390   La139    2       
                  16    5.11445508E-05   3.68635973E-05
                  102   2.96778901E+00   2.95855335E+00
571400   La140    4       
                  16    7.75937562E-04   7.18830613E-04
                  102   2.07104119E+00   2.29772951E+00
                  103   1.17316153E-07   1.35230151E-07
                  107   1.12716193E-04   1.14682994E-04
581360   Ce136    4       
                  16    1.41825879E-05   2.01472142E-05
                  102   3.60670345E+00   3.67113138E+00
                  103   8.84157428E-06   8.63623586E-06
                  107   2.66076720E-06   2.62196909E-06
581380   Ce138    4       
                  16    1.98425763E-05   2.30940831E-05
                  102   5.13566097E-01   5.22080592E-01
                  103   1.78040810E-06   1.69330005E-06
                  107   4.08045290E-07   4.03041791E-07
581390   Ce139    4       
                  16    8.59580502E-05   6.17887445E-05
                  102   1.47051714E+02   1.46968432E+02
                  103   2.67543519E-06   2.62564858E-06
                  107   1.40303137E-06   1.40080209E-06
581400   Ce140    3       
                  16    4.60164032E-05   3.82500681E-05
                  102   1.81328234E-01   1.80913384E-01
                  107   1.34540220E-07   1.39074611E-07
581410   Ce141    3       
                  16    7.33108987E-04   6.66683690E-04
                  102   1.21862309E+01   1.18452031E+01
                  107   3.55094357E-06   3.44528635E-06
581420   Ce142    4       
                  16    2.83135228E-04   1.96877474E-04
                  17    3.97538007E-08   2.86027776E-07
                  102   3.10152896E-01   3.10409167E-01
                  107   2.70999838E-07   2.61390013E-07
581430   Ce143    4       
                  16    8.01700763E-04   7.40897633E-04
                  17    5.85137680E-08   4.21719494E-07
                  102   2.51801213E+00   2.52592747E+00
                  107   3.83037901E-06   3.89403604E-06
581440   Ce144    3       
                  16    3.84533482E-04   2.84647470E-04
                  17    3.12126902E-07   2.24455106E-06
                  102   3.47665646E-01   3.47990865E-01
591410   Pr141    4       
                  16    2.34870784E-05   2.47631079E-05
                  102   3.83016333E+00   3.85416432E+00
                  103   3.65295126E-07   3.37992460E-07
                  107   4.59066320E-07   4.40153322E-07
591420   Pr142    4       
                  16    4.45341536E-04   3.93878714E-04
                  102   7.72382422E+00   7.67432192E+00
                  103   7.41536606E-07   6.61993060E-07
                  107   2.20176655E-03   2.24223566E-03
591430   Pr143    3       
                  16    2.45094576E-04   1.67660985E-04
                  102   2.97250186E+01   2.97940231E+01
                  107   6.03597595E-07   5.80764898E-07
601420   Nd142    4       
                  16    2.48017696E-05   2.75478636E-05
                  102   5.73073418E+00   5.72648398E+00
                  103   6.61108551E-07   6.41734046E-07
                  107   7.89040685E-07   7.94526251E-07
601430   Nd143    4       
                  16    2.76864492E-04   2.27547726E-04
                  102   9.84377556E+01   9.82597374E+01
                  103   3.71413690E-07   3.59335757E-07
                  107   6.46253814E-03   6.46731907E-03
601440   Nd144    4       
                  16    1.59170457E-04   1.04279874E-04
                  102   1.18887875E+00   1.18024012E+00
                  103   9.71850455E-08   1.22348252E-07
                  107   1.62208730E-06   1.61380235E-06
601450   Nd145    3       
                  16    4.61774142E-04   3.96736756E-04
                  102   1.74702447E+01   1.74707449E+01
                  107   6.91917724E-05   6.99932940E-05
601460   Nd146    3       
                  16    2.06976147E-04   1.35940976E-04
                  102   5.12539717E-01   5.14742507E-01
                  107   2.40481392E-07   2.45131929E-07
601470   Nd147    4       
                  16    9.33940558E-04   8.72056969E-04
                  17    3.22236713E-08   2.32408689E-07
                  102   1.39429579E+02   1.39115513E+02
                  107   3.37489853E-07   3.36253700E-07
601480   Nd148    2       
                  16    2.49720849E-04   1.71242520E-04
                  102   1.14447730E+00   1.13284520E+00
601500   Nd150    3       
                  16    2.29809646E-04   1.57133803E-04
                  17    4.40656430E-08   3.17361469E-07
                  102   6.67043272E-01   6.47669525E-01
611470   Pm147    4       
                  16    1.84293400E-04   1.18253379E-04
                  102   9.42634249E+01   9.51312961E+01
                  103   1.31549502E-07   1.28906545E-07
                  107   5.26720592E-07   5.10691373E-07
611480   Pm148    4       
                  16    6.90278119E-04   6.35376558E-04
                  102   6.67807528E+02   6.66267862E+02
                  103   1.14230420E-07   1.09041365E-07
                  107   1.05952379E-06   1.04417247E-06
611481   Pm148m1  4       
                  16    3.44394160E-04   3.08067103E-04
                  102   1.32442998E+04   1.32248199E+04
                  103   2.20797819E-07   2.18851010E-07
                  107   1.91123287E-07   1.89593221E-07
611490   Pm149    3       
                  16    2.36090696E-04   1.58363558E-04
                  102   4.57738419E+02   4.58429173E+02
                  107   1.14293911E-07   1.10664802E-07
611510   Pm151    2       
                  16    1.58204463E-04   1.00619252E-04
                  102   1.11387950E+02   1.10445865E+02
621440   Sm144    4       
                  16    7.24063675E-06   1.57753272E-05
                  102   5.34775986E-01   5.32206759E-01
                  103   5.82930476E-06   5.75314818E-06
                  107   5.75217637E-06   5.74629860E-06
621470   Sm147    4       
                  16    2.13252331E-04   1.63348606E-04
                  102   3.34041228E+01   3.45578006E+01
                  103   5.13241501E-07   4.70830041E-07
                  107   2.17870475E-04   2.23598884E-04
621480   Sm148    3       
                  16    1.15309471E-04   7.36693656E-05
                  102   1.52557550E+00   1.52620190E+00
                  107   1.97072984E-06   1.95125425E-06
621490   Sm149    4       
                  16    3.80488833E-04   3.18234047E-04
                  102   2.69787389E+04   2.66866324E+04
                  103   1.30958682E-07   1.31399470E-07
                  107   2.34894860E-02   2.32962305E-02
621500   Sm150    3       
                  16    1.35342606E-04   8.73586557E-05
                  102   3.51319439E+01   3.54611496E+01
                  107   1.61527631E-07   1.63358280E-07
621510   Sm151    4       
                  16    7.35525974E-04   6.75025324E-04
                  102   2.55502037E+03   2.55453178E+03
                  103   9.95941286E-08   1.03000190E-07
                  107   3.86764885E-07   3.77060466E-07
621520   Sm152    2       
                  16    1.23050795E-04   7.72700204E-05
                  102   1.22331732E+02   1.27005133E+02
621530   Sm153    3       
                  16    6.77588571E-04   6.12992091E-04
                  102   2.38910533E+02   2.35760324E+02
                  103   9.86553276E-08   1.10791666E-07
621540   Sm154    2       
                  16    1.60981054E-04   1.05794527E-04
                  102   3.39197443E+00   3.33324503E+00
631510   Eu151    4       
                  16    1.06083858E-04   6.76638744E-05
                  102   2.77282148E+03   2.77486361E+03
                  103   7.23936114E-07   6.46710634E-07
                  107   3.20774360E-06   3.17308151E-06
631520   Eu152    4       
                  16    3.01959377E-04   2.47318377E-04
                  102   2.16152071E+03   2.16100214E+03
                  103   3.77566029E-07   3.37378901E-07
                  107   4.26281697E-07   4.10167762E-07
631530   Eu153    4       
                  16    7.53426833E-05   5.36653023E-05
                  102   1.26807365E+02   1.26883507E+02
                  103   5.12421915E-07   4.73459301E-07
                  107   4.55301397E-07   4.45829128E-07
631540   Eu154    4       
                  16    4.67221982E-04   4.07989254E-04
                  102   1.04163892E+03   1.04179271E+03
                  103   1.45607751E-06   1.33882290E-06
                  107   3.35919741E-07   3.30036126E-07
631550   Eu155    4       
                  16    1.12149390E-04   7.17851580E-05
                  102   2.31205463E+03   2.31049852E+03
                  103   8.00430645E-07   7.75177720E-07
                  107   7.35145709E-07   7.81097159E-07
631560   Eu156    2       
                  16    4.22823835E-04   3.60401907E-04
                  102   7.23424245E+01   7.22305772E+01
631570   Eu157    2       
                  16    3.01523099E-04   2.01118806E-04
                  102   4.92679036E+01   4.93771397E+01
641520   Gd152    4       
                  16    7.85512327E-05   5.24470520E-05
                  102   2.26361613E+02   2.25841621E+02
                  103   1.10616079E-07   1.14743196E-07
                  107   2.92902601E-03   2.93142366E-03
641530   Gd153    4       
                  16    2.40057787E-04   1.89161157E-04
                  102   2.51850040E+03   2.52832244E+03
                  103   4.49044120E-07   4.23941765E-07
                  107   3.70984255E-03   3.72408812E-03
641540   Gd154    2       
                  16    6.94927498E-05   4.82228930E-05
                  102   2.86921412E+01   2.82681404E+01
641550   Gd155    4       
                  16    2.72873147E-04   2.14742193E-04
                  102   8.32438080E+03   8.33427829E+03
                  103   1.15292368E-07   1.12027156E-07
                  107   8.57017708E-06   8.58434714E-06
641560   Gd156    2       
                  16    9.25520188E-05   5.65333548E-05
                  102   2.84847347E+00   2.92220375E+00
641570   Gd157    3       
                  16    3.43508344E-04   2.83434077E-04
                  102   3.60504294E+04   3.60926442E+04
                  107   6.17778346E-05   6.18805728E-05
641580   Gd158    2       
                  16    1.37806423E-04   8.59505107E-05
                  102   2.29654847E+00   1.93489037E+00
641600   Gd160    2       
                  16    2.18260624E-04   1.45750024E-04
                  102   5.95937434E-01   6.00574608E-01
651590   Tb159    2       
                  16    1.45229203E-04   8.89767068E-05
                  102   1.57255009E+01   1.62899587E+01
651600   Tb160    4       
                  16    4.61446173E-04   3.96718761E-04
                  102   1.96644065E+02   1.95495616E+02
                  103   2.06859920E-07   1.93056675E-07
                  107   2.38991414E-07   2.43906443E-07
661560   Dy156    4       
                  16    4.38157953E-05   3.78770207E-05
                  102   3.11259385E+01   3.13151301E+01
                  103   6.02178280E-07   5.64666794E-07
                  107   1.62424413E-06   1.61589966E-06
661580   Dy158    4       
                  16    7.15203964E-05   5.05094707E-05
                  102   1.63926307E+01   1.63198025E+01
                  103   2.90192870E-07   2.83805657E-07
                  107   2.66517960E-07   2.67593629E-07
661600   Dy160    2       
                  16    1.14014711E-04   6.89915086E-05
                  102   4.10257000E+01   4.24572799E+01
661610   Dy161    4       
                  16    4.02630309E-04   3.33014411E-04
                  102   1.89312967E+02   1.89072674E+02
                  103   1.34285653E-07   1.33973185E-07
                  107   1.02921604E-07   1.04095582E-07
661620   Dy162    2       
                  16    1.70461653E-04   1.04367217E-04
                  102   1.17506147E+02   1.18224601E+02
661630   Dy163    2       
                  16    5.12555719E-04   4.46048218E-04
                  102   7.40120832E+01   7.53241226E+01
661640   Dy164    2       
                  16    2.43961247E-04   1.58967021E-04
                  102   7.36338181E+02   7.35671774E+02
671650   Ho165    2       
                  16    1.50268091E-04   9.16724616E-05
                  102   3.33643547E+01   3.39664024E+01
671661   Ho166m1  3       
                  16    6.06362340E-04   5.26582947E-04
                  102   5.16848927E+03   5.19923146E+03
                  103   1.09061656E-07   1.12320143E-07
681620   Er162    4       
                  16    3.41392559E-05   3.20694819E-05
                  102   1.49722237E+01   1.53444077E+01
                  103   3.92910563E-07   3.50067205E-07
                  107   7.34847671E-07   7.17072170E-07
681640   Er164    4       
                  16    7.65140799E-05   5.34983814E-05
                  102   7.55692091E+00   7.59652076E+00
                  103   2.17274654E-07   2.00894095E-07
                  107   2.43400820E-07   2.38048777E-07
681660   Er166    2       
                  16    1.14132175E-04   7.17581412E-05
                  102   7.06891349E+00   7.36453969E+00
681670   Er167    4       
                  16    4.73030637E-04   3.93432167E-04
                  102   6.63269496E+02   6.63995638E+02
                  103   1.29257790E-07   1.25294112E-07
                  107   1.67931721E-07   1.57691765E-07
681680   Er168    2       
                  16    2.18490277E-04   1.39393060E-04
                  102   1.68047510E+00   1.67652955E+00
681700   Er170    2       
                  16    3.34854800E-04   2.26380382E-04
                  102   3.62287847E+00   3.63140231E+00
691680   Tm168    4       
                  16    3.98518665E-04   3.02566071E-04
                  102   7.24335324E+01   7.32630480E+01
                  103   1.04748381E-05   1.04615023E-05
                  107   5.81543239E-03   5.81423049E-03
691690   Tm169    3       
                  16    1.53752340E-04   9.41014025E-05
                  102   6.64012385E+01   6.63932067E+01
                  107   3.77134215E-07   3.77188435E-07
691700   Tm170    3       
                  16    5.04618354E-04   4.24967888E-04
                  102   1.61058104E+01   1.60277513E+01
                  107   2.76571883E-05   2.76729015E-05
711750   Lu175    3       
                  16    2.08261445E-04   1.33077365E-04
                  102   1.98949410E+01   2.02614885E+01
                  103   3.04339326E-05   3.03469950E-05
711760   Lu176    3       
                  16    6.14675192E-04   5.62786352E-04
                  102   2.63323736E+03   2.61422717E+03
                  103   3.04339330E-05   3.03441223E-05
721740   Hf174    2       
                  16    1.15694014E-04   6.88650029E-05
                  102   1.59141449E+02   1.59238658E+02
721760   Hf176    2       
                  16    1.67344978E-04   1.05419660E-04
                  102   2.13334053E+01   2.10238109E+01
721770   Hf177    3       
                  16    4.45629931E-04   3.73619542E-04
                  102   2.91458993E+02   2.89747564E+02
                  107   1.45669850E-07   1.39709884E-07
721780   Hf178    2       
                  16    2.35439328E-04   1.52400884E-04
                  102   6.35682484E+01   6.69046463E+01
721790   Hf179    2       
                  16    6.08842952E-04   5.35047852E-04
                  102   2.34443573E+01   2.30036640E+01
721800   Hf180    2       
                  16    2.17525233E-04   1.47354236E-04
                  102   4.54048485E+00   4.56653323E+00
731800   Ta180    4       
                  16    4.34252031E-04   3.64938241E-04
                  102   2.96928202E+02   2.97029908E+02
                  103   1.12546586E-06   9.87766064E-07
                  107   1.03624721E-07   1.01973057E-07
731810   Ta181    3       
                  16    2.44651861E-04   1.58902603E-04
                  102   2.21396267E+01   2.21559228E+01
                  107   4.15880917E-07   4.18978201E-07
731820   Ta182    2       
                  16    5.43468090E-04   4.71933989E-04
                  102   1.01355914E+04   1.00712764E+04
741800   W180     4       
                  16    1.19147366E-04   7.25068882E-05
                  102   1.39804188E+01   1.43856236E+01
                  103   9.99693489E-08   1.07242865E-07
                  107   5.28466443E-07   5.33569324E-07
741820   W182     3       
                  16    1.57623052E-04   9.60024453E-05
                  102   1.55367414E+01   1.60941880E+01
                  1021  2.32363496E+00   2.40700524E+00
741830   W183     2       
                  16    5.45753508E-04   4.81532312E-04
                  102   9.63020370E+00   1.05026279E+01
741840   W184     3       
                  16    2.61777486E-04   1.73800925E-04
                  102   8.03717192E-01   7.98823043E-01
                  1021  1.36864592E-03   1.36031170E-03
741860   W186     2       
                  16    3.12729259E-04   2.12397855E-04
                  102   2.19661133E+01   2.16606183E+01
751850   Re185    3       
                  16    1.90945137E-04   1.23379919E-04
                  102   7.49552137E+01   6.95565921E+01
                  103   1.61383261E-07   1.49819428E-07
751870   Re187    2       
                  16    2.60905564E-04   1.72717970E-04
                  102   2.86691095E+01   2.88578415E+01
771910   Ir191    2       
                  16    1.53964759E-04   9.66719997E-05
                  102   4.19423672E+02   4.16506094E+02
771930   Ir193    3       
                  16    2.16332264E-04   1.37716430E-04
                  102   7.18045066E+01   7.10167331E+01
                  107   7.79260868E-08   1.32520673E-07
791970   Au197    2       
                  16    1.27048017E-04   8.12203237E-05
                  102   6.24960199E+01   6.32064028E+01
801960   Hg196    4       
                  16    8.71940006E-05   5.68304858E-05
                  102   8.55823471E+02   8.54600224E+02
                  103   1.76001560E-07   1.66737333E-07
                  107   1.16878379E-05   1.16787692E-05
801980   Hg198    2       
                  16    1.34225530E-04   8.66329458E-05
                  102   2.19473854E+00   2.17578918E+00
801990   Hg199    3       
                  16    3.21282568E-04   2.56928412E-04
                  102   6.05872406E+02   6.05054009E+02
                  107   7.52590008E-07   7.50965557E-07
802000   Hg200    2       
                  16    1.68308703E-04   1.10680409E-04
                  102   4.90702437E-01   4.93656596E-01
802010   Hg201    2       
                  16    5.01453898E-04   4.38225241E-04
                  102   2.20713900E+00   2.26016904E+00
802020   Hg202    2       
                  16    2.05125033E-04   1.33619467E-04
                  102   1.56758887E+00   1.56302220E+00
802040   Hg204    2       
                  16    2.08698965E-04   1.37746088E-04
                  102   3.03927608E-01   3.04035505E-01
812030   Tl203    2       
                  16    1.45872420E-04   9.43178197E-05
                  102   4.32905514E+00   4.32762729E+00
812050   Tl205    2       
                  16    1.50595073E-04   1.00441918E-04
                  102   5.46578721E-02   5.60267839E-02
822040   Pb204    4       
                  16    1.08074805E-04   7.07270731E-05
                  102   2.47655215E-01   2.39433543E-01
                  103   2.63891660E-07   2.49869427E-07
                  107   1.51747941E-07   1.48935786E-07
822060   Pb206    2       
                  16    1.46182281E-04   9.27058290E-05
                  102   1.14871981E-02   1.18394217E-02
822070   Pb207    2       
                  16    2.83503462E-04   2.04791091E-04
                  102   2.24133123E-01   2.23256244E-01
822080   Pb208    2       
                  16    1.88452568E-04   1.22787435E-04
                  102   1.91738311E-04   2.09949562E-04
832090   Bi209    4       
                  16    2.10854425E-04   1.37205257E-04
                  102   1.50999685E-02   1.51550356E-02
                  103   2.29658529E-07   2.08009712E-07
                  107   3.69685027E-07   3.62784986E-07
882230   Ra223    4       
                  16    2.73086101E-03   2.62116824E-03
                  17    1.05582025E-06   7.43385803E-06
                  18    2.34688032E-01   2.34444597E-01
                  102   4.83231813E+01   4.82985472E+01
882240   Ra224    3       
                  16    8.42737728E-04   7.75951099E-04
                  17    1.66960385E-06   1.14982464E-05
                  102   4.25451843E+00   4.25821221E+00
882250   Ra225    3       
                  16    3.50427421E-03   3.41624688E-03
                  17    2.41370107E-06   1.43367151E-05
                  102   4.22526356E+01   4.23733537E+01
882260   Ra226    4       
                  16    9.19560831E-04   8.49956279E-04
                  17    3.30214042E-06   1.72213876E-05
                  18    1.59483624E-05   1.59114577E-05
                  102   2.49931072E+01   2.53015067E+01
892250   Ac225    4       
                  16    5.19702467E-04   4.18767638E-04
                  17    7.41359655E-08   5.34200956E-07
                  18    1.90223055E-03   1.91466660E-03
                  102   5.06595220E+01   5.07485454E+01
892260   Ac226    4       
                  16    1.52871138E-03   1.44394818E-03
                  17    1.64035640E-07   1.17675052E-06
                  18    1.14547557E+00   1.14419004E+00
                  102   3.63061156E+02   3.62625491E+02
892270   Ac227    4       
                  16    5.62639100E-04   4.67779027E-04
                  17    2.51893839E-07   1.80208943E-06
                  18    5.91271588E-04   5.93669357E-04
                  102   2.65305242E+02   2.65079090E+02
902270   Th227    3       
                  16    1.01661809E-03   9.56920574E-04
                  18    6.85634132E+01   6.84785067E+01
                  102   1.37454720E+02   1.37284512E+02
902280   Th228    3       
                  16    2.86452754E-04   1.97247501E-04
                  18    6.95993517E-02   6.95769342E-02
                  102   6.21837595E+01   6.15760080E+01
902290   Th229    4       
                  16    1.30516119E-03   1.23543270E-03
                  17    3.54167961E-08   2.55245429E-07
                  18    1.63189208E+01   1.63180329E+01
                  102   7.58348600E+01   7.59603156E+01
902300   Th230    4       
                  16    4.42119260E-04   3.47633124E-04
                  17    1.53522926E-07   1.10112629E-06
                  18    1.58425685E-02   1.58394571E-02
                  102   3.26454594E+01   3.27519997E+01
902310   Th231    4       
                  16    1.67538909E-03   1.58971693E-03
                  17    2.33169941E-07   1.66598668E-06
                  18    2.72445967E+01   2.72659501E+01
                  102   5.09545617E+02   5.09135865E+02
902320   Th232    4       
                  16    5.88046240E-04   5.14560641E-04
                  17    6.11898719E-07   4.36039591E-06
                  18    3.99845298E-03   4.04633123E-03
                  102   4.01414284E+00   3.80731417E+00
902330   Th233    4       
                  16    2.69190429E-03   2.59963241E-03
                  17    8.37695047E-07   5.35470825E-06
                  18    6.91104539E+00   6.90774320E+00
                  102   4.03430558E+02   4.03103102E+02
902340   Th234    4       
                  16    8.24997227E-04   7.69066747E-04
                  17    1.66982323E-06   8.88745186E-06
                  18    3.17559100E-03   3.18167563E-03
                  102   1.20519767E+00   1.21307235E+00
912290   Pa229    3       
                  16    5.96944196E-05   4.07259063E-05
                  18    1.58126291E+00   1.58686421E+00
                  102   2.55381477E+02   2.56094946E+02
912300   Pa230    3       
                  16    2.38337235E-04   2.16726990E-04
                  18    5.56678757E+02   5.56215569E+02
                  102   1.40948311E+02   1.40831203E+02
912310   Pa231    3       
                  16    1.79150079E-04   1.28170779E-04
                  18    7.04868372E-02   7.00799984E-02
                  102   1.99196687E+02   1.99942985E+02
912320   Pa232    3       
                  16    7.82966296E-04   7.34492115E-04
                  18    6.61470265E+02   6.61743171E+02
                  102   1.86340584E+02   1.86335585E+02
912330   Pa233    4       
                  16    4.46327016E-04   3.65039051E-04
                  17    2.98548507E-07   2.16294577E-06
                  18    1.35246228E-02   1.36496031E-02
                  102   2.96689675E+01   2.96837031E+01
922300   U230     3       
                  16    5.43151899E-06   4.31910832E-06
                  18    1.78599148E+01   1.79845085E+01
                  102   6.32961725E+01   6.32423908E+01
922310   U231     3       
                  16    7.43853253E-05   6.90114323E-05
                  18    2.90640135E+02   2.91871196E+02
                  102   4.07031441E+01   4.09082482E+01
922320   U232     3       
                  16    2.96710979E-05   2.10486938E-05
                  18    2.69513261E+01   2.71912376E+01
                  102   2.17160062E+01   2.17021043E+01
922330   U233     3       
                  16    1.31259768E-04   1.19713178E-04
                  18    1.77764655E+02   1.77685265E+02
                  102   1.93645838E+01   1.93522461E+01
922340   U234     4       
                  16    8.25143919E-05   5.86902235E-05
                  18    1.23831562E-01   1.22832458E-01
                  102   2.01485837E+01   2.04896594E+01
                  1021  2.01485837E+01   2.04896594E+01
922350   U235     3       
                  16    4.75307265E-04   4.37459622E-04
                  18    1.66040029E+02   1.65895787E+02
                  102   3.17864514E+01   3.17628318E+01
922360   U236     4       
                  16    2.25434986E-04   1.96707158E-04
                  17    1.25627165E-07   8.97717719E-07
                  18    1.44097284E-01   1.44712458E-01
                  102   8.72969666E+00   8.81865460E+00
922370   U237     4       
                  16    1.66737814E-03   1.59001438E-03
                  17    1.77978655E-07   1.26198711E-06
                  18    1.44926353E+00   1.43363519E+00
                  102   1.40354502E+02   1.39980892E+02
922380   U238     4       
                  16    5.26774571E-04   5.07655151E-04
                  17    6.35978724E-07   3.78005154E-06
                  18    1.69444032E-02   1.70909039E-02
                  102   3.05973596E+00   3.23851857E+00
922390   U239     4       
                  16    2.71981946E-03   2.63640534E-03
                  17    9.00149221E-07   4.52207549E-06
                  18    9.26613863E+00   9.21678192E+00
                  102   1.45585105E+01   1.44822948E+01
922400   U240     4       
                  16    7.36150480E-04   6.89565423E-04
                  17    3.13993181E-06   1.09776423E-05
                  18    1.42992565E-02   1.42442678E-02
                  102   3.14304594E+01   3.15485367E+01
922410   U241     4       
                  16    3.30741649E-03   3.27167126E-03
                  17    3.52113818E-06   9.34352581E-06
                  18    2.03476419E-01   2.05338827E-01
                  102   1.38582100E+02   1.38670934E+02
932340   Np234    3       
                  16    5.08539886E-05   4.62807419E-05
                  18    6.31432549E+02   6.30942435E+02
                  102   3.48461275E+01   3.48189398E+01
932350   Np235    3       
                  16    2.72126316E-05   1.84070791E-05
                  18    5.59032267E+01   5.61608567E+01
                  102   1.56413104E+02   1.57123360E+02
932360   Np236    3       
                  16    1.14838631E-04   1.05409275E-04
                  18    9.39399048E+02   9.38304942E+02
                  102   4.99688386E+01   4.98822279E+01
932370   Np237    3       
                  16    9.36347388E-05   7.17588687E-05
                  18    1.19556663E-01   1.18923608E-01
                  102   8.69153352E+01   8.74548614E+01
932380   Np238    3       
                  16    5.16722324E-04   4.88370449E-04
                  18    7.22615118E+02   7.22053978E+02
                  102   1.19203518E+02   1.19081195E+02
932390   Np239    4       
                  16    3.27551466E-04   2.81036067E-04
                  17    1.82904462E-07   1.29740932E-06
                  18    4.47574683E-02   4.48609595E-02
                  102   4.88293355E+01   4.88340039E+01
942360   Pu236    3       
                  16    1.01216614E-05   7.69467156E-06
                  18    6.01025300E+01   6.09526986E+01
                  102   1.31957079E+01   1.35542787E+01
942370   Pu237    3       
                  16    4.72285516E-05   4.38023683E-05
                  18    7.31238478E+02   7.30657680E+02
                  102   6.38908488E+01   6.38402969E+01
942380   Pu238    3       
                  16    1.34244393E-05   9.72644127E-06
                  18    3.89965139E+00   3.88519654E+00
                  102   7.84739374E+01   7.85275152E+01
942390   Pu239    3       
                  16    1.40067463E-04   1.22526951E-04
                  18    5.59118915E+02   5.60178053E+02
                  102   3.30248623E+02   3.30988999E+02
942400   Pu240    3       
                  16    1.18608861E-04   9.67324906E-05
                  18    1.87086187E-01   1.89014412E-01
                  102   3.18764766E+02   3.27546909E+02
942410   Pu241    4       
                  16    8.81546555E-04   8.52499664E-04
                  17    3.90308368E-07   2.24929935E-06
                  18    5.12842913E+02   5.14119540E+02
                  102   1.94407152E+02   1.95131551E+02
942420   Pu242    4       
                  16    2.21245482E-04   1.99365165E-04
                  17    1.75818733E-07   1.05043301E-06
                  18    9.38118283E-02   9.26603134E-02
                  102   2.91347727E+01   2.94095857E+01
942430   Pu243    4       
                  16    2.25465596E-03   2.18864030E-03
                  17    8.69251794E-06   1.35770948E-05
                  18    6.35561590E+01   6.36269200E+01
                  102   3.09634331E+01   3.10009274E+01
942440   Pu244    4       
                  16    4.41668488E-04   4.12781198E-04
                  17    5.82036218E-07   2.74913647E-06
                  18    7.74570377E-02   7.68095030E-02
                  102   1.49585663E+00   1.54941630E+00
942460   Pu246    4       
                  16    8.11591267E-04   7.58985771E-04
                  17    2.15320060E-06   6.39876598E-06
                  18    3.81371042E-02   3.82426404E-02
                  102   2.56477976E+01   2.56273883E+01
952400   Am240    3       
                  16    3.17818209E-05   2.89162251E-05
                  18    5.13201529E+02   5.13152666E+02
                  102   9.62354493E+01   9.62248612E+01
952410   Am241    3       
                  16    3.95827887E-05   3.10292915E-05
                  18    2.94110854E+00   2.93645248E+00
                  102   5.40308193E+02   5.39414668E+02
952420   Am242    3       
                  16    2.38279960E-04   2.14347381E-04
                  18    9.02319634E+02   9.01947506E+02
                  102   9.44554089E+01   9.43695823E+01
952421   Am242m1  3       
                  16    2.04639108E-04   1.80700025E-04
                  18    2.80969061E+03   2.80581124E+03
                  102   5.46699391E+02   5.45921101E+02
952430   Am243    4       
                  16    6.68897361E-05   5.25172785E-05
                  17    4.04254093E-08   2.88021499E-07
                  18    1.40643927E-01   1.40536846E-01
                  102   7.55573454E+01   7.48875435E+01
952440   Am244    4       
                  16    9.65930533E-04   9.48648615E-04
                  17    3.73853882E-07   2.61967687E-06
                  18    8.15909415E+02   8.14768026E+02
                  102   2.07812296E+02   2.07543528E+02
952441   Am244m1  4       
                  16    9.65919131E-04   9.48571921E-04
                  17    3.73853882E-07   2.61967687E-06
                  18    7.41700428E+02   7.39909111E+02
                  102   1.86565195E+02   1.86110236E+02
962400   Cm240    3       
                  16    2.74959389E-06   2.34913660E-06
                  18    1.29815693E+01   1.30003223E+01
                  102   2.11128677E+01   2.11440429E+01
962410   Cm241    3       
                  16    7.44330866E-05   7.26068272E-05
                  18    3.19624925E+02   3.19198294E+02
                  102   6.19702490E+01   6.18941788E+01
962420   Cm242    3       
                  16    3.45883292E-05   2.50314266E-05
                  18    1.76678561E+00   1.77346809E+00
                  102   8.36240589E+00   8.38429671E+00
962430   Cm243    3       
                  16    1.34293885E-04   1.25226558E-04
                  18    2.25918276E+02   2.25387061E+02
                  102   3.99280919E+01   3.98623347E+01
962440   Cm244    3       
                  16    7.88993018E-05   6.32101283E-05
                  18    5.75060495E-01   5.85120451E-01
                  102   1.58557384E+01   1.91757286E+01
962450   Cm245    3       
                  16    3.17580176E-04   2.95242743E-04
                  18    4.30452496E+02   4.30261908E+02
                  102   6.66568317E+01   6.66110502E+01
962460   Cm246    4       
                  16    1.97076082E-04   1.71600195E-04
                  17    5.11985251E-08   3.64458248E-07
                  18    1.70337238E-01   1.67938471E-01
                  102   2.84201474E+00   2.70663589E+00
962470   Cm247    4       
                  16    5.78466840E-04   5.48371063E-04
                  17    6.28920979E-08   4.11763447E-07
                  18    5.11096715E+01   5.12997822E+01
                  102   2.98196223E+01   2.98437979E+01
962480   Cm248    4       
                  16    3.20670963E-04   2.99569418E-04
                  17    2.75487907E-07   1.81078737E-06
                  18    2.70800374E-01   2.58534959E-01
                  102   6.27144437E+00   6.31143855E+00
962490   Cm249    4       
                  16    1.50748289E-03   1.47369997E-03
                  17    5.87884014E-07   2.81206694E-06
                  18    1.20078585E+01   1.20897634E+01
                  102   1.64879842E+00   1.65940710E+00
962500   Cm250    4       
                  16    8.24188390E-04   7.69173370E-04
                  17    2.32223882E-06   6.22543798E-06
                  18    5.89281057E-02   5.72338949E-02
                  102   4.46332206E+01   4.11854277E+01
972450   Bk245    3       
                  16    5.19257750E-05   3.54177317E-05
                  18    9.78562026E-01   9.77016470E-01
                  102   3.54910348E+02   3.54481560E+02
972460   Bk246    3       
                  16    1.89983167E-04   1.85002540E-04
                  18    5.66622899E+02   5.65916925E+02
                  102   2.17483822E+02   2.17213117E+02
972470   Bk247    3       
                  16    1.41155355E-04   1.16926305E-04
                  18    1.20599349E+00   1.20469159E+00
                  102   3.21100175E+02   3.20691188E+02
972480   Bk248    3       
                  16    3.51735108E-04   3.40408232E-04
                  18    6.28501206E+02   6.27745298E+02
                  102   2.69302465E+02   2.68983043E+02
972490   Bk249    4       
                  16    1.00225744E-04   8.15665560E-05
                  17    3.54632624E-08   2.42248105E-07
                  18    1.02161450E+01   1.02800552E+01
                  102   1.82191394E+03   1.83347701E+03
972500   Bk250    4       
                  16    1.49739740E-03   1.45683161E-03
                  17    8.07217943E-08   5.27034838E-07
                  18    3.14803834E+02   3.14433304E+02
                  102   2.51020492E+02   2.50725047E+02
982460   Cf246    3       
                  16    9.92590413E-06   6.77969600E-06
                  18    4.36823885E+02   4.36263873E+02
                  102   5.30658603E+02   5.29978270E+02
982480   Cf248    3       
                  16    5.84218328E-05   4.26278628E-05
                  18    2.18307088E+02   2.18029979E+02
                  102   5.27357399E+02   5.26688310E+02
982490   Cf249    3       
                  16    2.74821561E-04   2.54568487E-04
                  18    5.17888303E+02   5.16697261E+02
                  102   1.59288501E+02   1.58928074E+02
982500   Cf250    3       
                  16    8.69956936E-05   7.21729946E-05
                  18    2.63571539E+01   2.63587695E+01
                  102   1.30287358E+03   1.30241447E+03
982510   Cf251    4       
                  16    7.75139321E-04   7.54086612E-04
                  17    2.81388755E-08   1.93040383E-07
                  18    2.74793664E+03   2.75120727E+03
                  102   1.59200294E+03   1.59393759E+03
982520   Cf252    4       
                  16    1.60330135E-04   1.46767653E-04
                  17    1.63769534E-07   9.64668459E-07
                  18    1.20889339E+01   1.21372926E+01
                  102   6.87528600E+00   6.91329383E+00
982530   Cf253    4       
                  16    5.25310379E-04   5.12619619E-04
                  17    2.13668971E-07   1.16029973E-06
                  18    4.16721753E+02   4.16191961E+02
                  102   2.17074158E+01   2.16682426E+01
982540   Cf254    4       
                  16    3.67438998E-04   3.35465113E-04
                  17    2.64450242E-07   1.00677820E-06
                  18    2.76815544E+00   2.78956702E+00
                  102   2.14273568E+00   2.14930735E+00
992510   Es251    3       
                  16    3.55702805E-05   2.52933066E-05
                  18    1.35332752E+01   1.35159011E+01
                  102   8.98418646E+01   8.98463515E+01
992520   Es252    3       
                  16    6.30036275E-04   6.08433797E-04
                  18    7.76505342E+02   7.76575434E+02
                  102   7.76038796E+01   7.76110547E+01
992530   Es253    4       
                  16    1.45637293E-04   1.14705593E-04
                  17    1.50223770E-07   1.05852326E-06
                  18    8.51887202E-01   8.50758556E-01
                  102   1.93969977E+02   1.89103153E+02
992540   Es254    4       
                  16    7.78326936E-04   7.47754537E-04
                  17    4.85446399E-08   3.41399127E-07
                  18    6.69543528E+02   6.68721624E+02
                  102   2.68642327E+01   2.69065742E+01
992541   Es254m1  4       
                  16    1.10903987E-03   1.07340542E-03
                  17    7.80083717E-08   5.29300176E-07
                  18    6.59069868E+02   6.58258405E+02
                  102   8.26883635E+01   8.25865401E+01
992550   Es255    4       
                  16    3.13567208E-04   2.78966959E-04
                  17    5.78350740E-07   3.01503157E-06
                  18    2.01522862E-01   2.01389333E-01
                  102   1.54120993E+02   1.54674893E+02
1002550  Fm255    4       
                  16    6.32960096E-04   6.10628141E-04
                  17    4.74738836E-08   3.37930818E-07
                  18    1.04908221E+03   1.04774158E+03
                  102   8.41132688E+01   8.40058405E+01
